spawns: 
  default: 
    world: bwlobby
    x: 250.65432703150503
    y: 127.0
    z: 250.48614289105498
    yaw: -90.45609
    pitch: -11.980772
