lastAccountName: DiamondSword243
timestamps:
  login: 1636831803527
  lastteleport: 1636831907106
  logout: 1636832342930
ipAddress: 95.111.97.77
lastlocation:
  world: FusionScen
  x: 106.9050471016753
  y: 54.00133597911215
  z: 48.056313722725186
  yaw: -220.90588
  pitch: 10.607103
logoutlocation:
  world: bwlobby
  x: 250.35824791828554
  y: 127.0
  z: 250.4324502472729
  yaw: -89.39903
  pitch: -8.276491
