lastAccountName: ActiveAsh
timestamps:
  login: 1634153471979
  logout: 1634153545189
ipAddress: 24.251.66.131
logoutlocation:
  world: bwlobby
  x: 250.35824791828554
  y: 127.0
  z: 250.4324502472729
  yaw: 273.04636
  pitch: -8.276491
