lastAccountName: Ninjaisaac04
timestamps:
  login: 1643595939091
  logout: 1643596174534
ipAddress: 71.228.188.237
logoutlocation:
  world: bwlobby
  x: 250.35824791828554
  y: 127.0
  z: 250.4324502472729
  yaw: -319.93436
  pitch: -8.276491
