lastAccountName: rattleboness
timestamps:
  login: 1645931633554
  lastteleport: 1644020558392
  logout: 1645931655813
ipAddress: 51.161.99.2
lastlocation:
  world: bwlobby
  x: 274.69999998807907
  y: 117.04815198852624
  z: 179.47433398735936
  yaw: -97.66638
  pitch: 12.019591
logoutlocation:
  world: bwlobby
  x: 261.60484416033313
  y: 128.5
  z: 251.98067943209415
  yaw: -129.16705
  pitch: 9.2734375
