lastAccountName: Flicker78
timestamps:
  login: 1652843189761
  kits:
    fw: 1652834796404
    fireworks: 1641870392894
  lastteleport: 1652840350903
  logout: 1652843226191
ipAddress: 51.161.19.231
lastlocation:
  world: bwlobby
  x: 218.5819264412316
  y: 70.97516422575927
  z: 267.6880827110273
  yaw: 20.802961
  pitch: 7.8500495
logoutlocation:
  world: bwlobby
  x: 253.98515428325703
  y: 128.0
  z: 256.1042274865242
  yaw: -89.39903
  pitch: -9.715483
