lastAccountName: AverageDerp
timestamps:
  login: 1634153478934
  logout: 1634154265267
ipAddress: 173.76.125.222
logoutlocation:
  world: bwlobby
  x: 251.65039861044232
  y: 127.0
  z: 249.75391397241341
  yaw: -85.88177
  pitch: -9.683348
