lastAccountName: Bllossem
timestamps:
  login: 1644019655337
  logout: 1644020204114
ipAddress: 51.161.99.12
logoutlocation:
  world: bwlobby
  x: 238.92158919020926
  y: 128.0
  z: 265.48091924647844
  yaw: -118.65589
  pitch: 13.21922
