lastAccountName: HomeLikeLama64
timestamps:
  login: 1653685660976
  logout: 1653686553958
  lastteleport: 1653685325331
  kits:
    fw: 1653684891243
    fireworks: 1653681986618
ipAddress: 51.161.99.91
logoutlocation:
  world: bwlobby
  x: 250.35824791828554
  y: 127.0
  z: 250.4324502472729
  yaw: -76.919426
  pitch: -8.276491
lastlocation:
  world: bwlobby
  x: 221.1197286057235
  y: 122.72906941194748
  z: 261.0820457074217
  yaw: 20.870655
  pitch: 21.227896
