lastAccountName: Ryguypixel
timestamps:
  login: 1636828992809
  kits:
    fw: 1636829049705
  logout: 1636831759175
ipAddress: 67.175.119.28
lastlocation:
  world: bwlobby
  x: 254.73638376168225
  y: 128.0
  z: 239.97009336927778
  yaw: -11.875664
  pitch: 12.305937
logoutlocation:
  world: bwlobby
  x: 258.73933978620494
  y: 128.0
  z: 259.2007131903973
  yaw: 194.52475
  pitch: 21.022234
