lastAccountName: beboplays
timestamps:
  login: 1643803267444
  logout: 1643804259453
ipAddress: 102.44.57.60
logoutlocation:
  world: bwlobby
  x: 250.35824791828554
  y: 127.0
  z: 250.4324502472729
  yaw: -89.39903
  pitch: -8.276491
