lastAccountName: Dopey___
timestamps:
  login: 1636831762988
  lastteleport: 1636832080447
  logout: 1636832329880
ipAddress: 130.204.155.47
lastlocation:
  world: bwlobby
  x: 250.35824791828554
  y: 127.0
  z: 250.4324502472729
  yaw: -89.39903
  pitch: -8.276491
logoutlocation:
  world: bwlobby
  x: 250.35824791828554
  y: 127.0
  z: 250.4324502472729
  yaw: -22.84668
  pitch: -8.276491
