lastAccountName: SeaBeast7068155
timestamps:
  login: 1643597369388
  lastteleport: 1643597327290
  logout: 1643597391951
ipAddress: 96.37.193.1
lastlocation:
  world: bwlobby
  x: 230.59738208395714
  y: 127.67647087614428
  z: 250.54612717167583
  yaw: 91.71591
  pitch: 31.072996
logoutlocation:
  world: bwlobby
  x: 250.35824791828554
  y: 127.0
  z: 250.4324502472729
  yaw: -90.55543
  pitch: 6.525479
