lastAccountName: Caplann
timestamps:
  login: 1644020238000
  lastteleport: 1644019807363
  kits:
    fw: 1644020331144
  logout: 1644021316167
ipAddress: 51.222.93.25
lastlocation:
  world: bwlobby
  x: 236.02024596420827
  y: 128.0
  z: 250.54357590589694
  yaw: 89.6344
  pitch: -2.4627163
logoutlocation:
  world: bwlobby
  x: 266.6819665733266
  y: 129.0
  z: 252.08470218848794
  yaw: -11.009216
  pitch: 9.694171
