lastAccountName: Pikemanisnotme
timestamps:
  login: 1643597242533
  kits:
    fw: 1643597094894
    tools: 1631128913296
  logout: 1643597779537
  lastteleport: 1643597332039
ipAddress: 130.43.180.78
logoutlocation:
  world: bwlobby
  x: 250.35824791828554
  y: 127.0
  z: 250.4324502472729
  yaw: -205.4944
  pitch: -8.276491
lastlocation:
  world: bwlobby
  x: 278.19796538435025
  y: 110.02989959368347
  z: 180.9774162056737
  yaw: 233.55402
  pitch: 25.56181
