lastAccountName: HuzaifaBeast
timestamps:
  login: 1651529362119
  kits:
    fw: 1651529421299
  logout: 1651529443203
ipAddress: 51.161.99.46
logoutlocation:
  world: bwlobby
  x: 250.69999998807907
  y: 128.0
  z: 290.07499998807907
  yaw: -182.27219
  pitch: 16.832235
