lastAccountName: JeffTheLeaf
timestamps:
  login: 1636836521518
  kits:
    fw: 1636835986182
  logout: 1636836529928
ipAddress: 174.114.22.173
logoutlocation:
  world: bwlobby
  x: 258.61681053168917
  y: 128.0
  z: 248.26869044074607
  yaw: 35.32134
  pitch: 12.752934
