lastAccountName: defara
timestamps:
  login: 1644020718006
  logout: 1644021316178
ipAddress: 51.77.31.40
logoutlocation:
  world: bwlobby
  x: 252.31465508845864
  y: 127.0
  z: 249.34557819048558
  yaw: -98.91108
  pitch: -2.8916068
