lastAccountName: aironbajron
timestamps:
  login: 1654106577724
  lastteleport: 1654106643004
  logout: 1654106919752
ipAddress: 51.195.87.120
lastlocation:
  world: bwlobby
  x: 251.52298341255
  y: 128.00133597911216
  z: 255.11264347958317
  yaw: -42.450005
  pitch: 0.29999906
logoutlocation:
  world: bwlobby
  x: 250.35824791828554
  y: 127.0
  z: 250.4324502472729
  yaw: -217.8327
  pitch: -8.276491
