timestamps:
  lastteleport: 1669187181523
  login: 1669187094574
  logout: 1669187227858
  kits:
    fw: 1654639806611
    firework: 1627246577369
    color: 1655928223945
    elytra: 1654930296133
    boots: 1654069787724
    arrows: 1654638845281
    dragon: 1648364719481
    fireworks: 1654935289505
    tools: 1632280441918
    fight: 1655684184788
lastlocation:
  world: civservermap
  x: -93.01540057963852
  y: 173.75597132580313
  z: 170.2004911474873
  yaw: -119.13168
  pitch: 39.776558
lastAccountName: Invictable
ipAddress: 127.0.0.1
logoutlocation:
  world: bwlobby
  x: 254.2441467082082
  y: 128.0
  z: 239.18728730300853
  yaw: -54.818176
  pitch: 22.378742
homes:
  ball:
    world: '100'
    x: -254.30000001192093
    y: 80.0
    z: -9.699999988079075
    yaw: -121.078735
    pitch: 8.5802765
  home:
    world: civservermap
    x: -11.770427919507693
    y: 249.0
    z: -23.40028654016341
    yaw: 155.96622
    pitch: 9.26596
  ratio:
    world: Large
    x: -346.5
    y: 69.0
    z: 298.5
    yaw: -128.38965
    pitch: 2.100237
godmode: false
afk: false
powertools:
  bamboo:
  - fireball
money: '1795.0'
last-message-reply-recipient: true
