timestamps:
  lastteleport: 1661121292293
  login: 1661120924144
  logout: 1661121343565
  kits:
    fw: 1654639806611
    firework: 1627246577369
    color: 1655928223945
    elytra: 1654930296133
    boots: 1654069787724
    arrows: 1654638845281
    dragon: 1648364719481
    fireworks: 1654935289505
    tools: 1632280441918
    fight: 1655684184788
lastlocation:
  world: bwlobby
  x: 250.35824791828554
  y: 127.0
  z: 250.4324502472729
  yaw: -89.39903
  pitch: -8.276491
lastAccountName: Invictable
ipAddress: 127.0.0.1
logoutlocation:
  world: World
  x: -200.69903985184504
  y: 53.0
  z: 182.15472212612286
  yaw: 42.706665
  pitch: 10.809951
homes:
  ball:
    world: '100'
    x: -254.30000001192093
    y: 80.0
    z: -9.699999988079075
    yaw: -121.078735
    pitch: 8.5802765
  home:
    world: World
    x: -72.84990180897923
    y: 126.0
    z: 76.48697126774618
    yaw: -75.381836
    pitch: 2.4977252
  ratio:
    world: Large
    x: -346.5
    y: 69.0
    z: 298.5
    yaw: -128.38965
    pitch: 2.100237
godmode: false
afk: false
powertools:
  bamboo:
  - fireball
money: '1795.0'
last-message-reply-recipient: true
