lastAccountName: wbd
timestamps:
  login: 1639537858136
  logout: 1639540023061
ipAddress: 73.36.143.137
logoutlocation:
  world: bwlobby
  x: 250.35824791828554
  y: 127.0
  z: 250.4324502472729
  yaw: -80.06738
  pitch: -8.276491
