lastAccountName: Yikesify
timestamps:
  login: 1631125063745
  lastteleport: 1631129310527
  kits:
    tools: 1631127619874
  logout: 1631129383893
ipAddress: 145.82.56.111
lastlocation:
  world: bwlobby
  x: 214.30000001192093
  y: 136.0
  z: 203.4457026092512
  yaw: 54.393486
  pitch: 27.784107
logoutlocation:
  world: bwlobby
  x: 405.3074603044038
  y: 179.9896441489416
  z: 219.39122861245676
  yaw: 45.329266
  pitch: 2.6182268
