lastAccountName: lxli_
timestamps:
  login: 1636837880586
  logout: 1636837967536
ipAddress: 172.58.67.169
logoutlocation:
  world: bwlobby
  x: 220.16127307588897
  y: -61.52068848609556
  z: 264.3737715768058
  yaw: -103.50613
  pitch: 36.619274
