lastAccountName: Quig
timestamps:
  login: 1644019619493
  lastteleport: 1643335907507
  logout: 1644021182206
  kits:
    fw: 1644020517495
ipAddress: 51.161.99.95
lastlocation:
  world: bwlobby
  x: 257.60108809937947
  y: 129.5
  z: 232.25186019471738
  yaw: -289.14865
  pitch: 32.43607
logoutlocation:
  world: bwlobby
  x: 250.5711084494423
  y: 128.0
  z: 276.6529283332651
  yaw: -170.46738
  pitch: 17.598879
