lastAccountName: MrDoors
timestamps:
  login: 1641592915887
  kits:
    fw: 1641591485804
  logout: 1641592956384
ipAddress: 122.161.53.210
logoutlocation:
  world: bwlobby
  x: 238.64866535061066
  y: 128.0
  z: 265.0506346585845
  yaw: 60.30093
  pitch: 5.073515
