lastAccountName: KoraHaha
timestamps:
  login: 1644020010293
  logout: 1644020175669
ipAddress: 51.222.93.20
logoutlocation:
  world: bwlobby
  x: 259.25099561130224
  y: 128.0
  z: 281.20174697878366
  yaw: -205.50562
  pitch: 33.00001
