lastAccountName: FakeFz
timestamps:
  login: 1636835231693
  logout: 1636836447686
ipAddress: 98.192.53.123
logoutlocation:
  world: bwlobby
  x: 262.29656959480667
  y: 128.0
  z: 259.74633578870964
  yaw: -217.19868
  pitch: 13.049396
