lastAccountName: uhDucky
timestamps:
  login: 1636836623228
  logout: 1636836651480
ipAddress: 104.4.201.194
logoutlocation:
  world: bwlobby
  x: 207.65878151832067
  y: 136.1661092609382
  z: 275.06458738505205
  yaw: 102.34429
  pitch: 29.965897
