lastAccountName: neelani
timestamps:
  login: 1644020238049
  logout: 1644021316149
  kits:
    fw: 1644021243594
ipAddress: 51.161.19.247
logoutlocation:
  world: bwlobby
  x: 230.01700238802627
  y: 127.0
  z: 250.45984237346207
  yaw: -269.02982
  pitch: 10.556978
