lastAccountName: Decimare
timestamps:
  login: 1632199201779
  logout: 1632201489478
  kits:
    tools: 1632201398179
  lastteleport: 1632199653910
ipAddress: 24.101.246.65
lastlocation:
  world: monastery
  x: 13.88878000666394
  y: 70.3168919687693
  z: 9.685984984167245
  yaw: -265.26364
  pitch: -89.66853
logoutlocation:
  world: bwlobby
  x: 329.8587630853839
  y: 148.81033356156104
  z: 198.35600566977405
  yaw: -308.6023
  pitch: -8.99771
