lastAccountName: Chalupa_Games
timestamps:
  login: 1654410630231
  logout: 1654410649745
ipAddress: 98.192.25.230
logoutlocation:
  world: bwlobby
  x: 296.1172413176324
  y: 152.3270680938518
  z: 243.13016875840788
  yaw: -182.5583
  pitch: 6.5420036
