lastAccountName: patlikehat
timestamps:
  login: 1644020098442
  logout: 1644020197865
  lastteleport: 1644020011939
ipAddress: 51.161.38.255
logoutlocation:
  world: bwlobby
  x: 250.65432703150503
  y: 127.0
  z: 250.48614289105498
  yaw: -90.45609
  pitch: -11.980772
lastlocation:
  world: bwlobby
  x: 236.02024596420827
  y: 128.0
  z: 250.54357590589694
  yaw: 89.6344
  pitch: -2.4627163
