lastAccountName: 1eaf
timestamps:
  login: 1654122655963
  lastteleport: 1654114464884
  kits:
    elytra: 1654114450421
    dragon: 1654114379959
    fireworks: 1654115962749
  logout: 1654124763664
ipAddress: 51.161.99.8
lastlocation:
  world: bwlobby
  x: 242.2703872981785
  y: 128.0
  z: 256.6589061075091
  yaw: -140.56601
  pitch: 18.129284
logoutlocation:
  world: bwlobby
  x: 257.6432742325717
  y: 128.0
  z: 260.1083200752122
  yaw: -232.63635
  pitch: 30.872845
