lastAccountName: GlacierStudios
timestamps:
  login: 1644020235728
  lastteleport: 1644021301645
  logout: 1644021316117
ipAddress: 51.161.99.2
lastlocation:
  world: bwlobby
  x: 227.33513450988323
  y: -182.56944752462138
  z: 251.7372802993799
  yaw: -103.79523
  pitch: -68.87659
logoutlocation:
  world: bwlobby
  x: 246.13801761408186
  y: 128.0
  z: 257.45257524879196
  yaw: -207.66609
  pitch: 36.387367
