lastAccountName: thatonefox07
timestamps:
  login: 1636832384336
  logout: 1636832504929
  kits:
    fw: 1636832363801
ipAddress: 67.61.45.112
lastlocation:
  world: FusionScen
  x: -2.0021128348604806
  y: 70.98947509221016
  z: 1.3525546827139747
  yaw: -245.81598
  pitch: 28.949524
logoutlocation:
  world: bwlobby
  x: 250.35824791828554
  y: 127.0
  z: 250.4324502472729
  yaw: -308.77902
  pitch: -8.276491
