lastAccountName: Puzzlebox427
timestamps:
  login: 1636833259502
  kits:
    fw: 1636836420252
    dragon: 1636834376685
    fireworks: 1636834253082
  lastteleport: 1636835251861
  logout: 1636836566593
ipAddress: 24.171.120.144
lastlocation:
  world: bwlobby
  x: 219.28653759141724
  y: -81.4789147710395
  z: 257.61902673789785
  yaw: -7.512374
  pitch: 23.443838
logoutlocation:
  world: bwlobby
  x: 253.23521058423302
  y: 128.0
  z: 264.291167437236
  yaw: 147.4479
  pitch: 27.033146
