lastAccountName: Bruno__Gamer
timestamps:
  login: 1654648439933
  kits:
    fw: 1653076941375
    elytra: 1654648567886
    boots: 1646510457778
    dragon: 1645230899612
    fireworks: 1646532905159
  lastteleport: 1653607728295
  logout: 1654648635582
ipAddress: 51.161.99.41
lastlocation:
  world: bwlobby
  x: 226.2207891384753
  y: 111.57678545139275
  z: 291.57165269583163
  yaw: 19.627953
  pitch: -45.693787
logoutlocation:
  world: bwlobby
  x: 258.83631352864495
  y: 128.0
  z: 247.3533840346679
  yaw: -96.60572
  pitch: 8.005365
