lastAccountName: Pomchu
timestamps:
  login: 1644020443156
  logout: 1644020472955
  lastteleport: 1644020368591
ipAddress: 51.161.38.241
logoutlocation:
  world: bwlobby
  x: 269.4798846009024
  y: 128.0
  z: 238.69999998807904
  yaw: 352.70764
  pitch: 7.3054156
lastlocation:
  world: bwlobby
  x: 227.91567233819507
  y: 128.1661092609382
  z: 252.14496487716093
  yaw: 54.258976
  pitch: 21.021252
