lastAccountName: Pandoes_
timestamps:
  login: 1643333026721
  kits:
    fw: 1643332679082
  logout: 1643333865913
  lastteleport: 1643333670449
ipAddress: 72.132.86.21
logoutlocation:
  world: bwlobby
  x: 259.89663245134454
  y: 128.0
  z: 246.02811805487303
  yaw: 270.46152
  pitch: 0.3076701
lastlocation:
  world: bwlobby
  x: 247.29217734301133
  y: 127.67647087614428
  z: 251.0492373074654
  yaw: 274.23715
  pitch: 68.14736
