lastAccountName: Miyunori_
timestamps:
  login: 1644896119587
  logout: 1644896130945
ipAddress: 51.161.99.17
logoutlocation:
  world: bwlobby
  x: 254.96974560621788
  y: 128.0
  z: 260.69649401077925
  yaw: -192.80426
  pitch: 10.216038
