lastAccountName: ITrulyMystic
timestamps:
  login: 1644020400172
  logout: 1644020402361
ipAddress: 51.161.19.254
logoutlocation:
  world: bwlobby
  x: 251.5998531161603
  y: 127.0
  z: 250.48268533134566
  yaw: -93.43673
  pitch: -7.9806385
