lastAccountName: Benkar14
timestamps:
  login: 1650110257079
  logout: 1650110289195
ipAddress: 51.195.87.135
logoutlocation:
  world: bwlobby
  x: 251.32065375675128
  y: 127.0
  z: 255.05538194748863
  yaw: -359.49298
  pitch: 9.956582
