lastAccountName: WhatRThose408
timestamps:
  login: 1648066051655
  lastteleport: 1648066338556
  logout: 1648066366920
ipAddress: 51.89.81.24
lastlocation:
  world: bwlobby
  x: 257.9416467715764
  y: 147.55595266243918
  z: 248.12226505695835
  yaw: 9.084442
  pitch: 30.687286
logoutlocation:
  world: bwlobby
  x: 255.10051057822355
  y: 128.0
  z: 246.53637768824123
  yaw: 228.74396
  pitch: 23.119223
