lastAccountName: rhythmcent
timestamps:
  login: 1640370480783
  logout: 1640370489185
ipAddress: 86.10.64.185
logoutlocation:
  world: bwlobby
  x: 251.5
  y: 127.0
  z: 250.5
  yaw: -1.2832048
  pitch: 2.8230503
