lastAccountName: PotatoBoyYo2619
timestamps:
  login: 1636835778229
  kits:
    fw: 1636835867250
  lastteleport: 1636836343498
  logout: 1636836566567
ipAddress: 24.229.168.30
lastlocation:
  world: bwlobby
  x: 231.24323279158023
  y: 123.59563273362987
  z: 250.00780469798366
  yaw: 95.56853
  pitch: 5.6380396
logoutlocation:
  world: bwlobby
  x: 252.0026417054812
  y: 128.0
  z: 258.2696989417758
  yaw: 131.93246
  pitch: 8.746484
