lastAccountName: noncoolguy1
timestamps:
  login: 1643595924091
  lastteleport: 1643596020342
  logout: 1643596780470
ipAddress: 76.92.13.160
lastlocation:
  world: bwlobby
  x: 274.3238122019876
  y: -57.96717322430366
  z: 187.6434841497145
  yaw: -250.6128
  pitch: 28.318014
logoutlocation:
  world: bwlobby
  x: 250.35824791828554
  y: 127.0
  z: 250.4324502472729
  yaw: -239.16505
  pitch: -8.276491
