lastAccountName: PseudoEmerald
timestamps:
  login: 1636823712522
  lastteleport: 1636826863363
  kits:
    fw: 1636826655597
  logout: 1636828714947
ipAddress: 108.36.82.113
lastlocation:
  world: MarsB
  x: -51.229210028007515
  y: 48.5
  z: 114.68614063891036
  yaw: 218.36166
  pitch: 14.079342
nickname: Zyphalopaqus
logoutlocation:
  world: bwlobby
  x: 250.35824791828554
  y: 127.0
  z: 250.4324502472729
  yaw: 253.68877
  pitch: -8.276491
