lastAccountName: Mummnic
timestamps:
  login: 1631125069090
  lastteleport: 1631125115924
  logout: 1631126659609
ipAddress: 92.34.68.253
lastlocation:
  world: bwlobby
  x: 259.2619898220986
  y: 129.25220334025371
  z: 260.24293169912306
  yaw: 158.85696
  pitch: 39.620667
logoutlocation:
  world: bwlobby
  x: 250.35824791828554
  y: 127.0
  z: 250.4324502472729
  yaw: 87.71323
  pitch: -8.276491
