lastAccountName: evei
timestamps:
  login: 1634159359263
  logout: 1634160544013
  kits:
    tools: 1628018260463
  lastteleport: 1628020711074
ipAddress: 71.200.227.86
lastlocation:
  world: bwlobby
  x: 239.41171890850075
  y: 144.17675927506423
  z: 389.6105412222962
  yaw: -176.0379
  pitch: 7.09488
logoutlocation:
  world: bwlobby
  x: 250.35824791828554
  y: 127.0
  z: 250.4324502472729
  yaw: -217.63368
  pitch: -8.276491
