lastAccountName: Eli_IsveryFat
timestamps:
  login: 1643333099247
  lastteleport: 1643332651488
  kits:
    fw: 1643332673346
  logout: 1643333438674
ipAddress: 49.184.63.89
lastlocation:
  world: bwlobby
  x: 251.3842884830138
  y: 128.4952008770059
  z: 240.03548238191718
  yaw: 273.00745
  pitch: 6.3936524
logoutlocation:
  world: bwlobby
  x: 250.35824791828554
  y: 127.0
  z: 250.4324502472729
  yaw: -301.46414
  pitch: -8.276491
