lastAccountName: nlj623
timestamps:
  login: 1636828999286
  kits:
    fw: 1636831729011
    fireworks: 1636830839928
  lastteleport: 1636832014510
  logout: 1636832297311
ipAddress: 174.113.71.20
lastlocation:
  world: bwlobby
  x: 205.64786108027477
  y: -11.144376898952126
  z: 298.0505185963479
  yaw: 30.333511
  pitch: -11.395037
logoutlocation:
  world: bwlobby
  x: 250.35824791828554
  y: 127.0
  z: 250.4324502472729
  yaw: -269.2034
  pitch: -8.276491
