lastAccountName: mathfactsfun
timestamps:
  login: 1648431142271
  logout: 1648431257230
ipAddress: 51.161.99.43
logoutlocation:
  world: bwlobby
  x: 263.8308799222268
  y: 128.0
  z: 242.32549236166133
  yaw: -185.36916
  pitch: 37.658413
