lastAccountName: Mr_EpicGamer
timestamps:
  login: 1634154806302
  lastteleport: 1634153504203
  kits:
    fw: 1634153528285
  logout: 1634155612616
ipAddress: 100.0.97.5
lastlocation:
  world: bwlobby
  x: 261.0666924745697
  y: 129.24918707874468
  z: 248.30392510794468
  yaw: -188.93878
  pitch: 14.400059
logoutlocation:
  world: bwlobby
  x: 223.88918280978078
  y: 129.0
  z: 257.07089674494335
  yaw: -316.49826
  pitch: 27.599909
