lastAccountName: Grover_U
timestamps:
  login: 1646604165098
  lastteleport: 1646604895099
  logout: 1646604971959
  kits:
    fw: 1646604215502
    elytra: 1646604199663
    boots: 1646603997592
    dragon: 1646517291520
    fireworks: 1646603946045
ipAddress: 51.161.19.252
lastlocation:
  world: map1
  x: -24.795225707958608
  y: 138.0
  z: -56.69999998807907
  yaw: 124.32907
  pitch: 17.9062
logoutlocation:
  world: bwlobby
  x: 209.92086344539442
  y: 99.14571874053452
  z: 271.1084340085165
  yaw: -230.62143
  pitch: 44.938267
