lastAccountName: PiCkTiCk457
timestamps:
  login: 1643595930191
  lastteleport: 1643596088244
  kits:
    fw: 1643336018608
  logout: 1643596243570
ipAddress: 76.169.16.219
lastlocation:
  world: bwlobby
  x: 250.65511605138693
  y: 127.0
  z: 250.50572700278428
  yaw: -90.45609
  pitch: -8.513659
logoutlocation:
  world: bwlobby
  x: 250.35824791828554
  y: 127.0
  z: 250.4324502472729
  yaw: -219.17851
  pitch: -8.276491
