lastAccountName: HectorElpro6463
timestamps:
  login: 1648128396000
  logout: 1648132475532
  lastteleport: 1648132450102
  kits:
    fw: 1648131232554
    fireworks: 1648131591134
ipAddress: 51.161.99.52
logoutlocation:
  world: bwlobby
  x: 250.35824791828554
  y: 127.0
  z: 250.4324502472729
  yaw: 202.09924
  pitch: -8.276491
lastlocation:
  world: bwlobby
  x: 222.56159420109992
  y: 121.72906941194748
  z: 255.69999998807907
  yaw: 69.83437
  pitch: 67.287285
