lastAccountName: wai1
timestamps:
  login: 1631128276729
  kits:
    tools: 1631128679390
  lastteleport: 1631129062893
  logout: 1631129145083
ipAddress: 188.193.235.16
lastlocation:
  world: bwlobby
  x: 250.67385443632915
  y: 127.0
  z: 250.48445751939568
  yaw: -90.45609
  pitch: -12.756773
logoutlocation:
  world: bwlobby
  x: 200.66613726731552
  y: 102.64847728860622
  z: 274.4035557203115
  yaw: -100.93704
  pitch: 44.697178
