lastAccountName: 7ing
timestamps:
  login: 1644020229532
  lastteleport: 1644020501991
  logout: 1644021111227
ipAddress: 51.161.99.72
lastlocation:
  world: bwlobby
  x: 221.15027565289782
  y: 124.59563273362987
  z: 260.8487286622792
  yaw: 49.629883
  pitch: 20.328316
logoutlocation:
  world: bwlobby
  x: 250.35824791828554
  y: 127.0
  z: 250.4324502472729
  yaw: -193.05441
  pitch: -8.276491
