lastAccountName: TheTiker_
timestamps:
  login: 1636830067276
  lastteleport: 1636832093958
  kits:
    fw: 1636831766398
  logout: 1636832365380
ipAddress: 95.111.59.144
lastlocation:
  world: FusionScen
  x: -43.38658716796979
  y: 64.6771073833569
  z: 16.72449626518923
  yaw: -183.79254
  pitch: 30.772541
logoutlocation:
  world: bwlobby
  x: 249.52614587656362
  y: 127.0
  z: 250.53296484917757
  yaw: -89.39903
  pitch: -8.276491
