lastAccountName: thatbatgaming
timestamps:
  login: 1644020636689
  logout: 1644021316091
  lastteleport: 1644021279591
ipAddress: 51.161.99.81
logoutlocation:
  world: bwlobby
  x: 216.37096226744495
  y: 86.0
  z: 249.5779902070486
  yaw: 263.9417
  pitch: -38.889305
lastlocation:
  world: bwlobby
  x: 221.89977758896143
  y: 119.62595791899085
  z: 256.20293924001555
  yaw: 12.481571
  pitch: 9.86971
