lastAccountName: moonchld_ii
timestamps:
  login: 1644020244863
  logout: 1644021316049
ipAddress: 51.161.99.37
logoutlocation:
  world: bwlobby
  x: 258.4855747122034
  y: 128.0
  z: 252.66146366704174
  yaw: -248.42691
  pitch: 22.954512
