lastAccountName: BrainCrashed
timestamps:
  login: 1652836301983
  lastteleport: 1652838049902
  kits:
    fw: 1643253881106
    elytra: 1643254307123
    boots: 1643251810661
    dragon: 1643254130529
  logout: 1652838514755
ipAddress: 51.161.99.74
lastlocation:
  world: bwlobby
  x: 233.83376510471717
  y: 128.0
  z: 250.46014403353834
  yaw: 91.30386
  pitch: 53.131348
logoutlocation:
  world: bwlobby
  x: 250.35824791828554
  y: 127.0
  z: 250.4324502472729
  yaw: 132.34119
  pitch: -8.276491
