lastAccountName: ItsNitroTiger
timestamps:
  login: 1654554931158
  lastteleport: 1654554724460
  kits:
    fw: 1634160335606
    tools: 1631128158846
  logout: 1654556210602
ipAddress: 51.161.38.247
lastlocation:
  world: bwlobby
  x: 270.69014774217675
  y: 1.0
  z: 243.44445433785563
  yaw: -91.63037
  pitch: 84.02069
logoutlocation:
  world: bwlobby
  x: 250.35824791828554
  y: 127.0
  z: 250.4324502472729
  yaw: -13.040321
  pitch: -8.276491
