lastAccountName: Galo223344
timestamps:
  login: 1648081825256
  lastteleport: 1648082155356
  kits:
    fw: 1648082341657
    fireworks: 1648082096845
  logout: 1648082413968
ipAddress: 190.246.219.224
lastlocation:
  world: bwlobby
  x: 209.30837340172957
  y: 1.4199999868869781
  z: 279.9968888897221
  yaw: -115.18231
  pitch: -35.766014
logoutlocation:
  world: bwlobby
  x: 254.65068192170258
  y: 128.0
  z: 235.39693234151252
  yaw: -162.88568
  pitch: 4.2244434
