lastAccountName: Luislolz
timestamps:
  login: 1644020234599
  logout: 1644021158605
  lastteleport: 1644020557095
ipAddress: 51.222.93.19
logoutlocation:
  world: bwlobby
  x: 265.29770554217555
  y: 129.0
  z: 250.08576847714832
  yaw: -208.71889
  pitch: -0.7706464
lastlocation:
  world: bwlobby
  x: 183.58177187884888
  y: 126.29566555349935
  z: 229.6150834167083
  yaw: 179.33574
  pitch: 24.891535
