lastAccountName: JackbbFan
timestamps:
  login: 1643829788644
  kits:
    fw: 1643829647021
  lastteleport: 1643829931356
  logout: 1643829957060
ipAddress: 90.206.18.224
lastlocation:
  world: bwlobby
  x: 261.15453409662666
  y: 128.0
  z: 235.1905717801695
  yaw: 291.83142
  pitch: 4.2669106
logoutlocation:
  world: bwlobby
  x: 190.38852607060144
  y: 130.62595791899088
  z: 297.90098164043934
  yaw: 49.21926
  pitch: 38.67962
