lastAccountName: Stachu2173
timestamps:
  login: 1648394024773
  lastteleport: 1646232575854
  logout: 1648394121342
ipAddress: 217.182.27.241
lastlocation:
  world: bwlobby
  x: 229.87215404575738
  y: 101.22313136684579
  z: 250.57927827081636
  yaw: 184.58438
  pitch: 29.187277
logoutlocation:
  world: bwlobby
  x: 277.0944032489829
  y: 123.0
  z: 251.59949300793951
  yaw: 65.99567
  pitch: -9.926512
