lastAccountName: Distopher
timestamps:
  login: 1650075541231
  lastteleport: 1650078417579
  logout: 1650078439194
  kits:
    fw: 1650077671930
    elytra: 1650077738902
    boots: 1650075617586
    dragon: 1650077692446
    fireworks: 1650077666149
ipAddress: 51.161.99.31
lastlocation:
  world: bwlobby
  x: 229.67729040459687
  y: 129.52537758348018
  z: 250.55139920693833
  yaw: 89.88458
  pitch: -3.7136164
logoutlocation:
  world: bwlobby
  x: 2.8036521834449117
  y: 127.0
  z: 2.792587684736579
  yaw: 312.24747
  pitch: 14.881917
