lastAccountName: Hobbes81
timestamps:
  login: 1644019663048
  logout: 1644020195976
ipAddress: 51.161.19.245
lastlocation:
  world: bwlobby
  x: 248.24237679696094
  y: 127.0
  z: 249.48604133651767
  yaw: -246.02875
  pitch: 12.440689
logoutlocation:
  world: bwlobby
  x: 281.5302712537148
  y: -142.0849528728468
  z: 186.43828915513774
  yaw: -53.901245
  pitch: -46.800083
