lastAccountName: CatGoMoww
timestamps:
  login: 1644252224486
  logout: 1644252429897
  lastteleport: 1644252424288
  kits:
    fw: 1644252303504
ipAddress: 51.161.99.91
logoutlocation:
  world: bwlobby
  x: 220.79158041854654
  y: 75.55674975006164
  z: 261.5014343973663
  yaw: 32.90985
  pitch: 0.55281717
lastlocation:
  world: bwlobby
  x: 224.30000001192093
  y: 127.162141421027
  z: 256.929250721144
  yaw: 46.19452
  pitch: 4.220346
