lastAccountName: Vall0ws
timestamps:
  login: 1644020409219
  logout: 1644021257558
ipAddress: 51.161.99.2
logoutlocation:
  world: bwlobby
  x: 240.67405233775094
  y: 128.0
  z: 252.11522901027095
  yaw: -69.0694
  pitch: 24.827625
