lastAccountName: TypicWolf3629
timestamps:
  login: 1654374347331
  logout: 1654374354944
  lastteleport: 1653082510975
  kits:
    fw: 1653077209561
    fireworks: 1653080353341
ipAddress: 51.195.87.138
logoutlocation:
  world: bwlobby
  x: 252.71870395441232
  y: 127.0
  z: 250.22974924961827
  yaw: -111.5036
  pitch: 11.360416
lastlocation:
  world: bwlobby
  x: 205.16107715507107
  y: 119.7064878604694
  z: 297.49009131031363
  yaw: -64.77081
  pitch: 17.631924
