lastAccountName: RockingCactus16
timestamps:
  login: 1636836621791
  lastteleport: 1636836625610
  logout: 1636836651444
ipAddress: 162.205.115.23
lastlocation:
  world: bwlobby
  x: 251.5
  y: 256.9215999984741
  z: 250.5
  yaw: 0.0
  pitch: 0.0
logoutlocation:
  world: bwlobby
  x: 222.6056344123814
  y: 129.0
  z: 257.5899872658795
  yaw: -336.36224
  pitch: 21.68725
