lastAccountName: arrf
timestamps:
  login: 1634153474539
  lastteleport: 1634154249164
  kits:
    fw: 1634152376477
    tools: 1631129298763
  logout: 1634154265219
ipAddress: 83.43.60.124
lastlocation:
  world: bwlobby
  x: 255.16437943526256
  y: 127.7531999805212
  z: 250.7110062716928
  yaw: -89.39903
  pitch: 1.933641
logoutlocation:
  world: bwlobby
  x: 233.04311554232865
  y: 110.16610926093821
  z: 238.4643418371026
  yaw: 214.85796
  pitch: 32.672523
