lastAccountName: RuneTheViking07
timestamps:
  login: 1634156060682
  lastteleport: 1634160363380
  kits:
    fw: 1634158631161
  logout: 1634155612586
ipAddress: 24.225.131.62
lastlocation:
  world: bwlobby
  x: 213.37088129953645
  y: 115.19347388999101
  z: 226.84460437024237
  yaw: 90.08203
  pitch: 43.73691
logoutlocation:
  world: bwlobby
  x: 251.1553715676088
  y: 128.0
  z: 265.6926135907813
  yaw: -270.6679
  pitch: 40.887417
