lastAccountName: ALLLAHU_AKBAR
timestamps:
  login: 1640303497528
  lastteleport: 1640303504189
  logout: 1640303504534
ipAddress: 68.4.79.126
lastlocation:
  world: bwlobby
  x: 251.5
  y: 127.0
  z: 250.5
  yaw: -120.129715
  pitch: 26.13159
logoutlocation:
  world: bwlobby
  x: 236.02024596420827
  y: 128.0
  z: 250.54357590589694
  yaw: 89.6344
  pitch: -2.4627163
