lastAccountName: vixti
timestamps:
  login: 1654748716829
  logout: 1654751199971
ipAddress: 51.161.99.61
logoutlocation:
  world: bwlobby
  x: 257.14428878445966
  y: 127.5
  z: 250.00063555680492
  yaw: -149.23926
  pitch: 15.421764
