lastAccountName: FrostedCircle
timestamps:
  login: 1634156057139
  lastteleport: 1634156155656
  logout: 1634159760514
ipAddress: 69.248.240.196
lastlocation:
  world: bwlobby
  x: 252.42708756915655
  y: -0.1548858691087433
  z: 222.5832716222354
  yaw: 73.16339
  pitch: 87.48529
logoutlocation:
  world: bwlobby
  x: 250.35824791828554
  y: 127.0
  z: 250.4324502472729
  yaw: -87.88195
  pitch: -8.276491
