lastAccountName: LegionX289
timestamps:
  login: 1634158555549
  kits:
    tools: 1631125211526
  lastteleport: 1634154765004
  logout: 1634158567816
ipAddress: 46.69.61.105
lastlocation:
  world: bwlobby
  x: 248.91131869024153
  y: 128.0
  z: 239.90092900963046
  yaw: 282.87863
  pitch: 31.998817
logoutlocation:
  world: bwlobby
  x: 257.66108251296356
  y: 128.0
  z: 249.2628563864848
  yaw: 171.74144
  pitch: 24.15544
