lastAccountName: SamuelThePenguin
timestamps:
  login: 1631125067233
  kits:
    tools: 1631126854116
  logout: 1631127972963
ipAddress: 105.185.168.104
logoutlocation:
  world: bwlobby
  x: 250.35824791828554
  y: 127.0
  z: 250.4324502472729
  yaw: 0.76656634
  pitch: -8.276491
