lastAccountName: ShinySammy
timestamps:
  login: 1643333924797
  logout: 1643334085997
ipAddress: 104.5.70.112
logoutlocation:
  world: bwlobby
  x: 250.35824791828554
  y: 127.0
  z: 250.4324502472729
  yaw: 270.0
  pitch: -8.276491
