lastAccountName: Chatter_Box06
timestamps:
  login: 1634154695549
  lastteleport: 1634155610361
  logout: 1634155612530
ipAddress: 192.77.189.6
lastlocation:
  world: bwlobby
  x: 219.6506260756675
  y: 112.98916736586486
  z: 262.33782827293135
  yaw: 27.533909
  pitch: 17.48727
logoutlocation:
  world: bwlobby
  x: 226.83262547165637
  y: 128.0
  z: 253.2576136336197
  yaw: 45.08413
  pitch: 28.137215
