lastAccountName: warsheep4
timestamps:
  login: 1654049611519
  kits:
    fw: 1654049296757
    elytra: 1654047073107
    boots: 1648605443226
    dragon: 1641953245290
    fireworks: 1654047063312
  lastteleport: 1654049624840
  logout: 1654051228984
ipAddress: 51.161.99.92
lastlocation:
  world: bwlobby
  x: 274.50793125142735
  y: 123.0
  z: 253.20426030912427
  yaw: 88.7977
  pitch: -0.06301752
logoutlocation:
  world: bwlobby
  x: 234.69999998807907
  y: 128.0
  z: 232.49101821727479
  yaw: 274.56738
  pitch: -7.575612
godmode: false
