lastAccountName: Lunkaimekk
timestamps:
  login: 1646425755301
  lastteleport: 1646425772252
  logout: 1646425842459
ipAddress: 141.95.23.3
lastlocation:
  world: bwlobby
  x: 219.66616580834105
  y: 3.197114994211687
  z: 250.2879990612089
  yaw: 95.527725
  pitch: -20.370855
logoutlocation:
  world: bwlobby
  x: 233.84289049166134
  y: 128.875
  z: 253.30000001192087
  yaw: 138.65698
  pitch: 49.076992
