lastAccountName: ogsi3pp3n
timestamps:
  login: 1652272320876
  lastteleport: 1652272367182
  logout: 1652272388602
ipAddress: 51.89.81.18
lastlocation:
  world: bwlobby
  x: 221.47428799451924
  y: 77.6698543924389
  z: 258.16178246285693
  yaw: 195.68321
  pitch: 24.935518
logoutlocation:
  world: bwlobby
  x: 264.7057116280557
  y: 128.0
  z: 255.74603632394815
  yaw: 279.74988
  pitch: 24.696619
