lastAccountName: TinnyTea
timestamps:
  login: 1636828988170
  kits:
    fw: 1636831773466
  logout: 1636832620301
ipAddress: 104.6.96.172
lastlocation:
  world: FusionScen
  x: 1.7948238458998886
  y: 38.024424088213685
  z: 32.97080726377776
  yaw: 20.790771
  pitch: 1.7784454
logoutlocation:
  world: bwlobby
  x: 250.35824791828554
  y: 127.0
  z: 250.4324502472729
  yaw: -127.77366
  pitch: -8.276491
