lastAccountName: Aethema
timestamps:
  login: 1644020300293
  logout: 1644021316028
ipAddress: 51.161.99.83
logoutlocation:
  world: bwlobby
  x: 249.0624405101756
  y: 128.0
  z: 236.947641687977
  yaw: -0.8256531
  pitch: 20.120506
