lastAccountName: Yah_ramen
timestamps:
  login: 1636828987029
  lastteleport: 1636829050089
  kits:
    fw: 1636831734753
    elytra: 1636826851821
    boots: 1636827901319
    dragon: 1636823934803
    fireworks: 1636827851199
  logout: 1636834274926
ipAddress: 58.96.92.61
lastlocation:
  world: FusionScen
  x: 1.686107501138315
  y: 37.0
  z: -34.731142611879385
  yaw: 324.77185
  pitch: 16.102512
logoutlocation:
  world: bwlobby
  x: 247.33769159103565
  y: 128.0
  z: 242.38206319151337
  yaw: -67.88522
  pitch: 5.2018933
