lastAccountName: Luc_Knight
timestamps:
  login: 1643595990294
  lastteleport: 1643596121792
  logout: 1643596753629
ipAddress: 73.80.50.149
lastlocation:
  world: bwlobby
  x: 201.61427165304897
  y: 140.0
  z: 190.24960335921352
  yaw: 284.6424
  pitch: 18.468792
logoutlocation:
  world: bwlobby
  x: 250.35824791828554
  y: 127.0
  z: 250.4324502472729
  yaw: -52.842255
  pitch: -8.276491
