lastAccountName: obvMath
timestamps:
  login: 1636834210895
  lastteleport: 1636835203251
  kits:
    fireworks: 1636834527676
  logout: 1636836071367
ipAddress: 71.162.189.51
lastlocation:
  world: bwlobby
  x: 218.14783860546942
  y: 13.617263844114541
  z: 250.4493260519654
  yaw: 91.686035
  pitch: 70.31068
logoutlocation:
  world: bwlobby
  x: 250.35824791828554
  y: 127.0
  z: 250.4324502472729
  yaw: 175.72144
  pitch: -8.276491
