lastAccountName: Iceable
timestamps:
  login: 1644019934464
  logout: 1644020522455
ipAddress: 51.161.99.57
logoutlocation:
  world: bwlobby
  x: 246.04829498813714
  y: 127.0
  z: 249.69018233031483
  yaw: -252.27977
  pitch: 10.549043
