lastAccountName: Itz0ni
timestamps:
  login: 1641594073201
  kits:
    fw: 1641594112852
  lastteleport: 1641594317359
  logout: 1641595375580
ipAddress: 63.153.168.132
lastlocation:
  world: bwlobby
  x: 239.02294973901348
  y: 106.43717636799826
  z: 224.3815083124094
  yaw: 159.25189
  pitch: -3.7983508
logoutlocation:
  world: bwlobby
  x: 250.35824791828554
  y: 127.0
  z: 250.4324502472729
  yaw: -55.427574
  pitch: -8.276491
