lastAccountName: hannahxxrose
timestamps:
  login: 1644020235253
  logout: 1644021296454
ipAddress: 51.161.99.63
logoutlocation:
  world: bwlobby
  x: 247.7376414846907
  y: 128.0
  z: 242.14567834978237
  yaw: 358.98584
  pitch: 14.7862625
