lastAccountName: WorldWarTwo
timestamps:
  login: 1644358157246
  logout: 1644358159527
ipAddress: 51.222.93.15
logoutlocation:
  world: bwlobby
  x: 235.2355017765635
  y: 128.0
  z: 250.86222026311484
  yaw: 76.69114
  pitch: 48.38842
