lastAccountName: Epsilon5381
timestamps:
  login: 1654628404055
  logout: 1654628410679
ipAddress: 92.195.10.136
logoutlocation:
  world: bwlobby
  x: 257.9168322697895
  y: 128.0
  z: 249.45087203988277
  yaw: -294.07162
  pitch: 7.2610335
