lastAccountName: VortexTheDragon
timestamps:
  login: 1650127852490
  lastteleport: 1650128043486
  kits:
    fw: 1650128137502
    fireworks: 1650128074695
  logout: 1650129144679
ipAddress: 51.161.99.91
lastlocation:
  world: bwlobby
  x: 220.84438237526624
  y: 124.59563273362987
  z: 260.8877832925048
  yaw: 16.452248
  pitch: 18.181221
logoutlocation:
  world: bwlobby
  x: 250.35824791828554
  y: 127.0
  z: 250.4324502472729
  yaw: 155.82129
  pitch: -8.276491
