lastAccountName: T1J0
timestamps:
  login: 1631129113283
  kits:
    tools: 1631129292865
  logout: 1631129383916
ipAddress: 85.94.146.206
logoutlocation:
  world: bwlobby
  x: 236.8115793725832
  y: 128.0
  z: 250.85123676307532
  yaw: 101.84425
  pitch: 5.5692353
