lastAccountName: ubhi
timestamps:
  login: 1643333893347
  kits:
    fw: 1643333657755
  lastteleport: 1643333858251
  logout: 1643334067920
ipAddress: 50.92.225.155
lastlocation:
  world: bwlobby
  x: 233.92500001192093
  y: 129.25220334025371
  z: 250.33837298437297
  yaw: 94.43445
  pitch: 39.83732
logoutlocation:
  world: bwlobby
  x: 250.35824791828554
  y: 127.0
  z: 250.4324502472729
  yaw: -247.98022
  pitch: -8.276491
