lastAccountName: DKC8069
timestamps:
  login: 1636827000108
  logout: 1636827178248
ipAddress: 70.95.149.133
lastlocation:
  world: OasisbScen
  x: 44.939727702671384
  y: 85.0
  z: -99.71945512075838
  yaw: -320.93912
  pitch: 13.616904
logoutlocation:
  world: bwlobby
  x: 250.35824791828554
  y: 127.0
  z: 250.4324502472729
  yaw: -351.35764
  pitch: -8.276491
