lastAccountName: enderman524
timestamps:
  login: 1636833525048
  logout: 1636836509287
  lastteleport: 1636834704655
  kits:
    fw: 1636835243466
ipAddress: 73.101.80.22
lastlocation:
  world: bwlobby
  x: 261.0330970064448
  y: 135.02442408821366
  z: 224.69999998807907
  yaw: -62.209072
  pitch: 51.88046
logoutlocation:
  world: bwlobby
  x: 243.5435115778973
  y: 128.0
  z: 246.93668861715443
  yaw: -81.80615
  pitch: 18.647085
