lastAccountName: LillyCharlotte
timestamps:
  login: 1644020237341
  logout: 1644021316076
  lastteleport: 1644021227791
ipAddress: 51.161.38.242
logoutlocation:
  world: bwlobby
  x: 254.2112099772139
  y: 129.25220334025371
  z: 239.1610969744387
  yaw: -349.52582
  pitch: 17.447727
lastlocation:
  world: bwlobby
  x: 220.48460612605095
  y: 101.80280218824763
  z: 261.6991973143717
  yaw: 20.068201
  pitch: 19.36681
