lastAccountName: salbon
timestamps:
  login: 1643331662095
  logout: 1643332196832
ipAddress: 47.223.118.165
logoutlocation:
  world: bwlobby
  x: 250.35824791828554
  y: 127.0
  z: 250.4324502472729
  yaw: -254.94342
  pitch: -8.276491
