lastAccountName: ilycringe
timestamps:
  login: 1644020109801
  logout: 1644020195795
ipAddress: 51.161.99.67
logoutlocation:
  world: bwlobby
  x: 269.5474232121457
  y: 128.0
  z: 260.69999998807907
  yaw: -8.996371
  pitch: 17.159544
