lastAccountName: Ayamenakmen21
timestamps:
  login: 1644454762838
  logout: 1644455579720
  lastteleport: 1644454743339
  kits:
    fw: 1644454739240
ipAddress: 51.161.99.87
logoutlocation:
  world: bwlobby
  x: 250.35824791828554
  y: 127.0
  z: 250.4324502472729
  yaw: -226.35413
  pitch: -8.276491
lastlocation:
  world: bwlobby
  x: 271.92500001192093
  y: 123.0
  z: 245.08123944511362
  yaw: -90.45609
  pitch: -11.980772
