lastAccountName: Tyzxd
timestamps:
  login: 1643857682921
  logout: 1643857688348
ipAddress: 115.189.103.62
logoutlocation:
  world: bwlobby
  x: 228.96290923224765
  y: -132.06986188353517
  z: 251.4968005252754
  yaw: -288.2779
  pitch: 27.771547
