lastAccountName: JDawesome23
timestamps:
  login: 1643671939439
  lastteleport: 1643671967141
  logout: 1643672051602
ipAddress: 174.51.117.25
lastlocation:
  world: bwlobby
  x: 253.04925501704398
  y: 128.1212968405392
  z: 258.7409394801901
  yaw: -181.27399
  pitch: 15.016819
logoutlocation:
  world: bwlobby
  x: 252.3811518165685
  y: 128.0
  z: 258.3911267466208
  yaw: -58.90858
  pitch: 14.54934
