lastAccountName: shara0401
timestamps:
  login: 1644020056612
  kits:
    fw: 1644019650828
  lastteleport: 1644020017641
  logout: 1644020214606
ipAddress: 51.161.38.238
lastlocation:
  world: bwlobby
  x: 218.82601856693483
  y: 87.47299598655941
  z: 256.774849033966
  yaw: 203.61963
  pitch: 27.397114
logoutlocation:
  world: bwlobby
  x: 246.7037830687084
  y: 129.02442408821366
  z: 245.28293915350045
  yaw: -359.30695
  pitch: 10.864498
