lastAccountName: Rekt_DJ
timestamps:
  login: 1644020235784
  logout: 1644021316019
  kits:
    fw: 1644021149741
ipAddress: 51.161.99.38
logoutlocation:
  world: bwlobby
  x: 257.2502666639306
  y: 128.0
  z: 238.24567076798232
  yaw: 6.5028076
  pitch: 32.494766
