lastAccountName: '1616161660'
timestamps:
  login: 1643595947841
  kits:
    fw: 1643331893847
  lastteleport: 1643334401548
  logout: 1643596777572
ipAddress: 98.219.18.156
lastlocation:
  world: bwlobby
  x: 250.6377557029296
  y: 127.0
  z: 250.673929274509
  yaw: -82.849
  pitch: -2.4385371
logoutlocation:
  world: bwlobby
  x: 250.35824791828554
  y: 127.0
  z: 250.4324502472729
  yaw: -187.50183
  pitch: -8.276491
