lastAccountName: cinika1
timestamps:
  login: 1652843672787
  lastteleport: 1652843536152
  kits:
    fw: 1652843609466
    elytra: 1650258912425
    boots: 1652843366165
    dragon: 1650258779073
    fireworks: 1652843566250
  logout: 1652843906002
ipAddress: 51.161.38.243
lastlocation:
  world: bwlobby
  x: 220.9820061933668
  y: 125.43717636799826
  z: 260.8120177060841
  yaw: 15.090637
  pitch: 23.570978
logoutlocation:
  world: bwlobby
  x: 221.01755802826193
  y: 138.0
  z: -114.06615111011511
  yaw: -6.22746
  pitch: -3.7488492
