lastAccountName: toriwipp
timestamps:
  login: 1644019923878
  logout: 1644020220575
ipAddress: 51.161.99.3
logoutlocation:
  world: bwlobby
  x: 250.21243358618426
  y: 127.0
  z: 246.5682691990263
  yaw: 91.943825
  pitch: 9.472153
