lastAccountName: NotWTap
timestamps:
  login: 1652839347104
  kits:
    fw: 1652839769355
  logout: 1652840400549
ipAddress: 51.161.99.14
logoutlocation:
  world: bwlobby
  x: 250.35824791828554
  y: 127.0
  z: 250.4324502472729
  yaw: -82.309425
  pitch: -8.276491
