lastAccountName: Reeedly
timestamps:
  login: 1636408959922
  lastteleport: 1636410725431
  kits:
    elytra: 1636405816738
    fireworks: 1636405782542
    tools: 1628022954436
  logout: 1636410946562
ipAddress: 217.211.211.215
lastlocation:
  world: MegaShire
  x: -12.417381572090788
  y: 141.875
  z: 10.709314252457446
  yaw: 158.43985
  pitch: 38.954
logoutlocation:
  world: bwlobby
  x: 247.7028443825472
  y: 127.0
  z: 250.50691511916673
  yaw: -90.42846
  pitch: -16.595774
