lastAccountName: Boxoffun2020
timestamps:
  login: 1650127799992
  lastteleport: 1650130402528
  logout: 1650131337228
  kits:
    fw: 1650130364882
    elytra: 1650128050540
    boots: 1650127968904
    dragon: 1647860445477
    fireworks: 1650128130906
ipAddress: 51.161.38.254
lastlocation:
  world: bwlobby
  x: 226.35827605177985
  y: 1.0
  z: 258.43905519766355
  yaw: -355.20392
  pitch: 71.97352
logoutlocation:
  world: bwlobby
  x: 250.35824791828554
  y: 127.0
  z: 250.4324502472729
  yaw: -98.17751
  pitch: -8.276491
