lastAccountName: Oopsieee_
timestamps:
  login: 1653678935952
  lastteleport: 1653677924376
  kits:
    fw: 1650129126130
    elytra: 1643772608108
    boots: 1650929979055
    dragon: 1641594757421
    fireworks: 1646616881642
    fight: 1643772648312
  logout: 1653679801972
ipAddress: 51.161.99.30
lastlocation:
  world: bwlobby
  x: 256.46625414454763
  y: 90.81866750117901
  z: 231.69492020558795
  yaw: 270.1684
  pitch: -87.54198
logoutlocation:
  world: bwlobby
  x: 250.35824791828554
  y: 127.0
  z: 250.4324502472729
  yaw: -295.48624
  pitch: -8.276491
