lastAccountName: Deadfishy0013
timestamps:
  login: 1646823035944
  lastteleport: 1646823046545
  logout: 1646823077554
ipAddress: 51.89.81.43
lastlocation:
  world: bwlobby
  x: 250.5821655758469
  y: 127.0
  z: 253.2341716110672
  yaw: 23.849995
  pitch: -1.6500005
logoutlocation:
  world: bwlobby
  x: 260.4393144337078
  y: 128.5
  z: 250.23666970811504
  yaw: -85.415726
  pitch: 4.437272
