lastAccountName: Iggy_Tea
timestamps:
  login: 1644020586239
  lastteleport: 1644019695483
  logout: 1644021314266
ipAddress: 51.161.99.56
lastlocation:
  world: bwlobby
  x: 236.02024596420827
  y: 128.0
  z: 250.54357590589694
  yaw: 89.6344
  pitch: -2.4627163
logoutlocation:
  world: bwlobby
  x: 231.9089369806032
  y: 129.0
  z: 262.7631584052989
  yaw: 173.76237
  pitch: 18.868008
