lastAccountName: DlSTANT
timestamps:
  login: 1643334620689
  logout: 1643335161883
  lastteleport: 1643334332398
  kits:
    fw: 1643334092649
ipAddress: 75.181.244.44
logoutlocation:
  world: bwlobby
  x: 250.35824791828554
  y: 127.0
  z: 250.4324502472729
  yaw: 74.01525
  pitch: -8.276491
lastlocation:
  world: bwlobby
  x: 254.20838092145763
  y: 127.0
  z: 252.28546014720754
  yaw: -88.19903
  pitch: -7.226494
