lastAccountName: DMG_13
timestamps:
  login: 1637429015407
  lastteleport: 1637432325284
  kits:
    elytra: 1637431329585
    boots: 1637431372879
    dragon: 1637431492890
    fireworks: 1637432434196
  logout: 1637432747326
ipAddress: 169.136.217.214
lastlocation:
  world: bwlobby
  x: 250.5
  y: 127.0
  z: 250.5
  yaw: -90.45609
  pitch: -11.980772
logoutlocation:
  world: bwlobby
  x: 248.28121801297775
  y: 127.5
  z: 254.44820260322757
  yaw: 299.5681
  pitch: 8.341902
