lastAccountName: Galaxymation
timestamps:
  login: 1636828985484
  kits:
    fw: 1636831730185
  lastteleport: 1636834497814
  logout: 1636835013926
ipAddress: 84.82.238.58
lastlocation:
  world: Monastery
  x: -12.916713240887766
  y: 69.7531999805212
  z: 1.5199746372653402
  yaw: -172.89845
  pitch: 29.202145
logoutlocation:
  world: bwlobby
  x: 250.35824791828554
  y: 127.0
  z: 250.4324502472729
  yaw: -89.39903
  pitch: -8.276491
