lastAccountName: Lumier
timestamps:
  login: 1644020594412
  logout: 1644021219454
  lastteleport: 1644020443443
ipAddress: 51.161.99.75
logoutlocation:
  world: bwlobby
  x: 253.33837470449254
  y: 128.0
  z: 262.3135839323382
  yaw: 86.04196
  pitch: 8.304818
lastlocation:
  world: bwlobby
  x: 253.7462975177769
  y: 128.1661092609382
  z: 248.63448722819172
  yaw: -96.661896
  pitch: 4.7681823
