lastAccountName: ChristineNgo
timestamps:
  login: 1644020238564
  logout: 1644021311708
  lastteleport: 1644021202342
  kits:
    fw: 1644021151891
ipAddress: 51.161.99.56
logoutlocation:
  world: bwlobby
  x: 248.52747036908536
  y: 128.0
  z: 238.32744358791868
  yaw: -27.246012
  pitch: 11.80458
lastlocation:
  world: bwlobby
  x: 225.70907199486015
  y: 106.47730118109443
  z: 251.8283744147762
  yaw: 42.442696
  pitch: 23.328163
