lastAccountName: oDistortion_
timestamps:
  login: 1638070957158
  kits:
    fw: 1638069241745
  lastteleport: 1638072028880
  logout: 1638072259084
ipAddress: 115.188.164.35
lastlocation:
  world: bwlobby
  x: 260.4149343969533
  y: 128.5
  z: 250.97215553199038
  yaw: -99.91977
  pitch: 0.14004004
logoutlocation:
  world: bwlobby
  x: 253.08629948263098
  y: 128.4952008770059
  z: 256.4399077194416
  yaw: 241.18938
  pitch: 39.33112
