lastAccountName: peterpanfan16
timestamps:
  login: 1654641926938
  logout: 1654641931419
  kits:
    fw: 1646679330850
    elytra: 1646362224848
    boots: 1646770942655
    dragon: 1646769701653
    fireworks: 1646362229748
  lastteleport: 1647669051300
ipAddress: 51.161.38.248
logoutlocation:
  world: bwlobby
  x: 235.57608494068074
  y: 128.0
  z: 254.20887960441536
  yaw: 115.294624
  pitch: 28.558037
lastlocation:
  world: bwlobby
  x: 182.32715079949045
  y: 130.0
  z: 205.43069642734312
  yaw: -39.428234
  pitch: 4.0009165
