lastAccountName: ToffeeAndDreams
timestamps:
  login: 1643333031597
  lastteleport: 1643333094199
  logout: 1643334583644
ipAddress: 174.3.244.101
lastlocation:
  world: bwlobby
  x: 239.3507517634899
  y: 128.0
  z: 250.0594700606087
  yaw: 98.40374
  pitch: 16.748644
logoutlocation:
  world: bwlobby
  x: 237.18947526322495
  y: 128.0
  z: 254.07673980873076
  yaw: 228.1441
  pitch: 8.212256
