lastAccountName: MoonLightX1
timestamps:
  login: 1636837361634
  lastteleport: 1636837941021
  kits:
    fw: 1636837935829
  logout: 1636837965887
ipAddress: 108.5.245.59
lastlocation:
  world: bwlobby
  x: 224.29105361209116
  y: 126.93050451123717
  z: 245.66039119050012
  yaw: 153.00357
  pitch: 51.95808
logoutlocation:
  world: bwlobby
  x: 252.10911066904671
  y: 129.02442408821366
  z: 259.6550496098333
  yaw: 32.93934
  pitch: 20.1111
