lastAccountName: WolfyePlayz
timestamps:
  login: 1654105972213
  logout: 1654105987019
  lastteleport: 1653699535896
ipAddress: 51.161.99.61
logoutlocation:
  world: bwlobby
  x: 253.85367959792242
  y: 127.0
  z: 250.57029583497825
  yaw: -89.39903
  pitch: -1.474049
lastlocation:
  world: bwlobby
  x: 221.0707801266942
  y: 35.563550530379295
  z: 264.9282517132314
  yaw: -13.625306
  pitch: 27.902168
