lastAccountName: Qhaapad
timestamps:
  login: 1644020079664
  logout: 1644020198865
ipAddress: 51.161.38.254
logoutlocation:
  world: bwlobby
  x: 250.65432703150503
  y: 127.0
  z: 250.48614289105498
  yaw: -90.45609
  pitch: -11.980772
