lastAccountName: RyanBurger
timestamps:
  login: 1634158646069
  kits:
    fw: 1634158509272
  lastteleport: 1634155251801
  logout: 1634158643464
ipAddress: 72.188.32.15
lastlocation:
  world: bwlobby
  x: 250.30000001192093
  y: 127.0
  z: 243.9571503355255
  yaw: -339.08282
  pitch: 8.181022
logoutlocation:
  world: bwlobby
  x: 240.11241711658232
  y: 128.0
  z: 256.8461215658029
  yaw: -358.68433
  pitch: 18.394777
