lastAccountName: anqzhell
timestamps:
  login: 1647540844144
  lastteleport: 1647540873995
  kits:
    fw: 1647540901106
  logout: 1647540924355
ipAddress: 51.178.221.1
lastlocation:
  world: bwlobby
  x: 259.69999998807907
  y: 128.0
  z: 251.24862010221298
  yaw: -86.25008
  pitch: 4.9499955
logoutlocation:
  world: bwlobby
  x: 259.2326189023238
  y: 128.0
  z: 246.61402618117958
  yaw: -77.165535
  pitch: 6.5373297
