lastAccountName: TheGuy4
timestamps:
  login: 1644019638892
  logout: 1644020250302
ipAddress: 51.222.93.15
logoutlocation:
  world: bwlobby
  x: 245.55332234832338
  y: 128.0
  z: 263.5584415011939
  yaw: 81.89861
  pitch: -0.7760755
