lastAccountName: EndaeLIVE
timestamps:
  login: 1643671950639
  logout: 1643672049501
ipAddress: 90.246.118.86
logoutlocation:
  world: bwlobby
  x: 250.00770882789433
  y: 127.0
  z: 250.06131259667913
  yaw: -114.09399
  pitch: -5.8805637
