lastAccountName: TigerG2017
timestamps:
  login: 1654864954366
  lastteleport: 1654866171704
  kits:
    dragon: 1654814896369
    fireworks: 1654865047330
  logout: 1654866173070
ipAddress: 51.161.38.235
lastlocation:
  world: bwlobby
  x: 222.2415289278614
  y: 110.68393018670787
  z: 258.00330575602595
  yaw: 38.0345
  pitch: 32.487255
logoutlocation:
  world: bwlobby
  x: 236.02024596420827
  y: 128.0
  z: 250.54357590589694
  yaw: 16.884396
  pitch: 29.937286
