lastAccountName: stepanJBC
timestamps:
  login: 1649523870630
  kits:
    fw: 1649523881786
    elytra: 1646669935221
    boots: 1646669958275
    dragon: 1646669923725
    fireworks: 1646512734883
  lastteleport: 1646670031910
  logout: 1649523901996
ipAddress: 51.161.99.36
lastlocation:
  world: bwlobby
  x: 234.23750001192093
  y: 128.0
  z: 253.93469831025692
  yaw: -206.11444
  pitch: -5.3807855
logoutlocation:
  world: bwlobby
  x: 262.4255270822836
  y: 128.5
  z: 253.15700011305125
  yaw: -229.6566
  pitch: 12.169285
