lastAccountName: 0BluePegasus90
timestamps:
  login: 1634158854064
  lastteleport: 1634160223113
  logout: 1634160232890
ipAddress: 100.35.206.196
lastlocation:
  world: bwlobby
  x: 222.92623770515215
  y: 100.48506818453015
  z: 245.32174484775746
  yaw: 119.789055
  pitch: 58.57437
logoutlocation:
  world: bwlobby
  x: 215.98743140632808
  y: 100.72153101493103
  z: 238.87663644610967
  yaw: 198.45593
  pitch: 41.430607
