lastAccountName: Ofercuz
timestamps:
  login: 1649884355612
  logout: 1649884443623
ipAddress: 51.222.93.29
logoutlocation:
  world: bwlobby
  x: 250.35824791828554
  y: 127.0
  z: 250.4324502472729
  yaw: 330.69287
  pitch: -8.276491
