lastAccountName: Honey_Goat
timestamps:
  login: 1644019649469
  logout: 1644021316023
ipAddress: 51.161.38.240
logoutlocation:
  world: bwlobby
  x: 244.37793116817397
  y: 128.0
  z: 243.5021411865926
  yaw: 302.70163
  pitch: 13.323517
