lastAccountName: CountGangrene
timestamps:
  login: 1654041328100
  logout: 1654041473090
ipAddress: 51.161.99.34
logoutlocation:
  world: bwlobby
  x: 252.69999998807907
  y: 128.0
  z: 234.90228726824193
  yaw: -100.65076
  pitch: 33.319035
