lastAccountName: EpicGaemr
timestamps:
  login: 1636837537137
  logout: 1636837550938
ipAddress: 184.144.16.59
logoutlocation:
  world: bwlobby
  x: 252.01012519138777
  y: 128.0
  z: 257.94762155499444
  yaw: 144.57733
  pitch: 17.119286
