lastAccountName: Cpuli144
timestamps:
  login: 1638070960819
  kits:
    fw: 1638078239739
    elytra: 1638076565978
    boots: 1638072282799
    dragon: 1638073378806
    fireworks: 1638078249131
  lastteleport: 1638078551870
  logout: 1638078680382
ipAddress: 68.84.226.42
lastlocation:
  world: bwlobby
  x: 235.63642003682477
  y: 128.0
  z: 251.2499845225385
  yaw: 85.5301
  pitch: 1.0360769
logoutlocation:
  world: World
  x: -183.64297939764677
  y: 53.0
  z: 223.09748004646448
  yaw: -335.02185
  pitch: 18.58289
