lastAccountName: Hugga51
timestamps:
  login: 1643829831710
  logout: 1643829883365
  lastteleport: 1643829607321
  kits:
    fireworks: 1643829645403
ipAddress: 151.230.116.231
logoutlocation:
  world: bwlobby
  x: 252.2646738414347
  y: 128.0
  z: 262.1782766000707
  yaw: 176.09406
  pitch: 11.699992
lastlocation:
  world: bwlobby
  x: 205.09400999393674
  y: 120.72906941194745
  z: 297.76387830161303
  yaw: -71.915565
  pitch: 25.1373
