lastAccountName: marcelc1009
timestamps:
  login: 1654106553627
  lastteleport: 1654104209303
  kits:
    fw: 1654103969318
  logout: 1654175804954
ipAddress: 51.195.52.27
lastlocation:
  world: bwlobby
  x: 232.6140180375749
  y: 121.40617885469534
  z: 250.30651824597942
  yaw: 66.53442
  pitch: 31.437286
logoutlocation:
  world: bwlobby
  x: 250.35824791828554
  y: 127.0
  z: 250.4324502472729
  yaw: -89.39903
  pitch: -8.276491
