lastAccountName: griskungen1
timestamps:
  login: 1648913957301
  lastteleport: 1648914041893
  logout: 1648914042782
ipAddress: 51.195.52.8
lastlocation:
  world: bwlobby
  x: 223.32523271123674
  y: 114.74883583713113
  z: 257.08784145944026
  yaw: 48.08438
  pitch: 21.387285
logoutlocation:
  world: bwlobby
  x: 236.02024596420827
  y: 128.0
  z: 250.54357590589694
  yaw: 89.6344
  pitch: -2.4627163
