lastAccountName: Splaat
timestamps:
  login: 1643834311678
  logout: 1643834316505
ipAddress: 90.206.18.224
logoutlocation:
  world: bwlobby
  x: 251.5
  y: 127.0
  z: 250.5
  yaw: -1.4595962
  pitch: -0.8210231
