lastAccountName: XxphilliplamxX
timestamps:
  login: 1654379120331
  logout: 1654379326896
  lastteleport: 1654379211631
  kits:
    fw: 1654379234990
ipAddress: 51.161.19.230
logoutlocation:
  world: bwlobby
  x: 259.416055702246
  y: 128.0
  z: 250.95514924089605
  yaw: 92.243774
  pitch: 21.899971
lastlocation:
  world: bwlobby
  x: 224.30000001192093
  y: 1.0
  z: 257.9755994605606
  yaw: -14.015614
  pitch: 11.937291
