lastAccountName: Kingdoggogod
timestamps:
  login: 1643597241967
  lastteleport: 1643597105345
  logout: 1643598844571
ipAddress: 110.147.183.226
lastlocation:
  world: bwlobby
  x: 250.65397000062748
  y: 127.0
  z: 250.43714418905049
  yaw: -90.45609
  pitch: -11.980772
logoutlocation:
  world: bwlobby
  x: 250.35824791828554
  y: 127.0
  z: 250.4324502472729
  yaw: -1.6700134
  pitch: -8.276491
