lastAccountName: Toying_1
timestamps:
  login: 1643598568038
  kits:
    fw: 1643595946494
  lastteleport: 1643598654389
  logout: 1643598655401
ipAddress: 99.132.142.43
lastlocation:
  world: bwlobby
  x: 205.1782183230627
  y: 119.7064878604694
  z: 297.1321566314587
  yaw: -61.431007
  pitch: 11.733837
logoutlocation:
  world: bwlobby
  x: 233.34053574528247
  y: 128.0
  z: 250.57892551601188
  yaw: 88.61471
  pitch: -2.9333203
