lastAccountName: ItsFinnishDaniel
timestamps:
  login: 1634152356930
  lastteleport: 1631129041919
  kits:
    tools: 1631128905414
  logout: 1634153407247
ipAddress: 91.158.24.20
lastlocation:
  world: bwlobby
  x: 190.52444781364153
  y: 100.49734367001365
  z: 297.70517236489115
  yaw: 269.0605
  pitch: -17.152079
logoutlocation:
  world: bwlobby
  x: 251.86010366315065
  y: 128.0
  z: 239.63625076772848
  yaw: 287.4273
  pitch: 20.811274
