lastAccountName: iiGirts
timestamps:
  login: 1646509761293
  logout: 1646509877354
ipAddress: 51.195.52.8
logoutlocation:
  world: bwlobby
  x: 251.2251441847123
  y: 127.0
  z: 249.83854291098277
  yaw: -161.37598
  pitch: 7.655611
