lastAccountName: MasterBlast5
timestamps:
  login: 1644020087476
  logout: 1644020168565
ipAddress: 51.161.19.230
logoutlocation:
  world: bwlobby
  x: 221.7398158609803
  y: 124.936654946153
  z: 260.5118981061421
  yaw: 11.844177
  pitch: 30.01927
