lastAccountName: DaG1ngerViking_
timestamps:
  login: 1652848033025
  lastteleport: 1652848666829
  kits:
    fw: 1652840308904
    elytra: 1652848665852
    boots: 1648493525586
    dragon: 1652843097567
    fireworks: 1652843020324
  logout: 1652848672041
ipAddress: 51.161.38.228
lastlocation:
  world: bwlobby
  x: 234.33980600205896
  y: 132.0
  z: 321.36674329191
  yaw: -304.30438
  pitch: 14.793924
logoutlocation:
  world: bwlobby
  x: 234.57184728967115
  y: 128.0
  z: 250.9206484986209
  yaw: 22.544445
  pitch: 26.17649
