lastAccountName: Pikachu
timestamps:
  login: 1643671936789
  logout: 1643672039523
ipAddress: 172.127.115.218
logoutlocation:
  world: bwlobby
  x: 250.35824791828554
  y: 127.0
  z: 250.4324502472729
  yaw: -320.32617
  pitch: -8.276491
