lastAccountName: Kenne432
timestamps:
  login: 1644019647395
  logout: 1644021316060
ipAddress: 51.161.99.35
logoutlocation:
  world: bwlobby
  x: 253.51131738280492
  y: 128.0
  z: 261.05211400238034
  yaw: -155.35114
  pitch: 23.916597
