lastAccountName: MrYeet__
timestamps:
  login: 1646510462343
  lastteleport: 1646510754795
  kits:
    fw: 1645458948500
    elytra: 1645459013567
  logout: 1646511574131
ipAddress: 51.222.93.5
lastlocation:
  world: bwlobby
  x: 132.03442809339134
  y: 52.31246810349913
  z: 230.05352684379855
  yaw: 125.30955
  pitch: -15.520145
logoutlocation:
  world: bwlobby
  x: 250.35824791828554
  y: 127.0
  z: 250.4324502472729
  yaw: -85.954094
  pitch: -8.276491
