lastAccountName: NotNiko167
timestamps:
  login: 1636835017786
  logout: 1636836448885
ipAddress: 103.192.152.7
lastlocation:
  world: bwlobby
  x: 261.57544756323307
  y: 128.0
  z: 256.02358297476684
  yaw: -140.93224
  pitch: 2.6812892
logoutlocation:
  world: bwlobby
  x: 237.19560893518982
  y: 128.0
  z: 262.3392686456468
  yaw: -174.33156
  pitch: 3.7764676
