lastAccountName: SpeedySandro
timestamps:
  login: 1646848628094
  kits:
    fw: 1646848678647
  logout: 1646848877853
ipAddress: 51.195.87.97
logoutlocation:
  world: bwlobby
  x: 251.69526661971426
  y: 128.0
  z: 276.9578360932833
  yaw: -171.30469
  pitch: 57.169197
