lastAccountName: LukeDoesGamez
timestamps:
  login: 1648487154416
  logout: 1648487161779
ipAddress: 163.123.195.69
logoutlocation:
  world: bwlobby
  x: 211.01660812599238
  y: 129.0
  z: 245.66010692720576
  yaw: -39.794846
  pitch: 6.64935
