lastAccountName: UnbottledRage
timestamps:
  login: 1644020087736
  lastteleport: 1644019785028
  logout: 1644020175676
ipAddress: 51.161.38.246
lastlocation:
  world: bwlobby
  x: 224.71213415616432
  y: 125.30543845175121
  z: 255.5572636175765
  yaw: 44.934338
  pitch: -1.2627167
logoutlocation:
  world: bwlobby
  x: 253.11255320201641
  y: 128.0
  z: 255.74277088653776
  yaw: -49.416595
  pitch: 5.0373073
