lastAccountName: Deltric
timestamps:
  login: 1643671938089
  lastteleport: 1643671974791
  logout: 1643672032232
ipAddress: 68.62.192.203
lastlocation:
  world: bwlobby
  x: 252.31374131944972
  y: 129.25220334025371
  z: 245.22760418556769
  yaw: 1.2142334
  pitch: 16.19986
logoutlocation:
  world: bwlobby
  x: 250.35824791828554
  y: 127.0
  z: 250.4324502472729
  yaw: -230.79442
  pitch: -8.276491
