lastAccountName: Adonis2
timestamps:
  login: 1644020251274
  logout: 1644021312608
ipAddress: 51.161.99.23
logoutlocation:
  world: bwlobby
  x: 253.25146619915697
  y: 128.0
  z: 256.6447041967211
  yaw: -30.155893
  pitch: 18.019207
