lastAccountName: WickedPhatter
timestamps:
  login: 1634158853649
  lastteleport: 1634160395350
  logout: 1634153407302
ipAddress: 86.2.85.99
lastlocation:
  world: bwlobby
  x: 231.30000001192093
  y: 109.02989959368347
  z: 250.3042693855895
  yaw: 184.05394
  pitch: 15.952175
logoutlocation:
  world: bwlobby
  x: 269.8851480355625
  y: -2.302610287156267
  z: 256.4475284129805
  yaw: -26.679337
  pitch: 3.8304179
