lastAccountName: Vallows
timestamps:
  login: 1644020237709
  logout: 1644021316014
  lastteleport: 1643333659372
ipAddress: 51.222.93.29
logoutlocation:
  world: bwlobby
  x: 259.4751093171763
  y: 128.7531999805212
  z: 247.68661553005813
  yaw: 321.229
  pitch: 34.542786
lastlocation:
  world: bwlobby
  x: 236.02024596420827
  y: 128.0
  z: 250.54357590589694
  yaw: 89.6344
  pitch: -2.4627163
