lastAccountName: Lollogara
timestamps:
  login: 1645300038422
  lastteleport: 1645300181050
  kits:
    fw: 1642813498064
    fireworks: 1642811692086
  logout: 1645300182811
ipAddress: 51.77.31.45
lastlocation:
  world: bwlobby
  x: 206.53047738949329
  y: 114.99840417860725
  z: 296.82807436865244
  yaw: -90.126884
  pitch: 32.34468
logoutlocation:
  world: bwlobby
  x: 237.15003316512497
  y: 128.0
  z: 251.76360489640354
  yaw: -7.312357
  pitch: 1.3917894
