lastAccountName: TheTerminatorK
timestamps:
  login: 1643333098447
  kits:
    fw: 1643333147699
  logout: 1643333190608
ipAddress: 120.159.117.136
logoutlocation:
  world: bwlobby
  x: 233.98867016819293
  y: 130.24918707874468
  z: 253.4650755746768
  yaw: -168.31866
  pitch: 19.38255
