lastAccountName: FatahBisa
timestamps:
  login: 1652834012225
  logout: 1652834051452
  kits:
    fw: 1652658760512
  lastteleport: 1652664109081
ipAddress: 51.161.19.229
logoutlocation:
  world: bwlobby
  x: 250.35824791828554
  y: 127.0
  z: 250.4324502472729
  yaw: 89.61453
  pitch: -8.276491
lastlocation:
  world: bwlobby
  x: 226.45348272029815
  y: 3.845034317252061
  z: 250.74589979723476
  yaw: 257.92215
  pitch: -6.8992047
