lastAccountName: MrMemetheGoat
timestamps:
  login: 1654375999887
  lastteleport: 1654376003635
  logout: 1654376016251
ipAddress: 51.161.19.252
lastlocation:
  world: bwlobby
  x: 223.33519047862725
  y: 1.0
  z: 256.9199323698141
  yaw: 44.826782
  pitch: 21.423723
logoutlocation:
  world: bwlobby
  x: 257.89445196837073
  y: 128.0
  z: 250.24011158401817
  yaw: -88.70839
  pitch: 4.8802185
