lastAccountName: Bluccino
timestamps:
  login: 1644019621005
  logout: 1644020034968
ipAddress: 51.161.99.86
logoutlocation:
  world: bwlobby
  x: 286.30813762936396
  y: -233.99440794397674
  z: 179.7451059521988
  yaw: -46.270283
  pitch: 1.6437372
