lastAccountName: Commandcracker8
timestamps:
  login: 1636837425389
  lastteleport: 1636835149069
  logout: 1636837518838
  kits:
    fw: 1636837436370
ipAddress: 92.26.86.167
lastlocation:
  world: bwlobby
  x: 250.35824791828554
  y: 127.0
  z: 250.4324502472729
  yaw: -89.39903
  pitch: -8.276491
logoutlocation:
  world: bwlobby
  x: 248.73812165427765
  y: 127.0
  z: 249.74701889816086
  yaw: -252.04195
  pitch: 89.85931
