lastAccountName: smhTony
timestamps:
  login: 1654550964902
  lastteleport: 1654552938211
  kits:
    elytra: 1654550768077
    boots: 1654552889128
    dragon: 1654554784397
    fireworks: 1654552965759
  logout: 1654555631023
ipAddress: 51.161.38.235
lastlocation:
  world: bwlobby
  x: 220.9979690040551
  y: 124.12154313450796
  z: 261.6054897062514
  yaw: 12.428882
  pitch: 14.289388
logoutlocation:
  world: bwlobby
  x: 270.0516748393917
  y: 128.5
  z: 254.42107004179408
  yaw: -52.576683
  pitch: 23.366425
