lastAccountName: S3NT3NARI0
timestamps:
  login: 1638070965308
  lastteleport: 1638071002354
  kits:
    fw: 1637432327382
    dragon: 1637430623896
  logout: 1638072006833
ipAddress: 61.6.28.159
lastlocation:
  world: bwlobby
  x: 223.60930127808658
  y: 91.49734367001363
  z: 240.64177608163104
  yaw: 78.71952
  pitch: 21.91045
logoutlocation:
  world: bwlobby
  x: 250.35824791828554
  y: 127.0
  z: 250.4324502472729
  yaw: -89.39903
  pitch: -8.276491
