lastAccountName: xxmxq
timestamps:
  login: 1636834835614
  logout: 1636835228277
ipAddress: 98.227.141.155
lastlocation:
  world: bwlobby
  x: 261.3119800946931
  y: 129.1661092609382
  z: 253.97735307971482
  yaw: 223.05156
  pitch: 14.2497425
logoutlocation:
  world: bwlobby
  x: 258.1479626230582
  y: 128.0
  z: 258.15985605848346
  yaw: -343.2026
  pitch: 22.069197
