lastAccountName: NickeWilde
timestamps:
  login: 1634156055595
  logout: 1634158297805
ipAddress: 91.158.24.20
logoutlocation:
  world: bwlobby
  x: 250.35824791828554
  y: 127.0
  z: 250.4324502472729
  yaw: 85.43701
  pitch: -8.276491
lastlocation:
  world: bwlobby
  x: 264.6639544114275
  y: 128.7531999805212
  z: 270.4366697805492
  yaw: 70.22989
  pitch: 18.738535
