lastAccountName: _Skooter_
timestamps:
  login: 1644020240049
  logout: 1644021208610
ipAddress: 51.222.93.18
logoutlocation:
  world: bwlobby
  x: 250.35824791828554
  y: 127.0
  z: 250.4324502472729
  yaw: 58.085785
  pitch: -8.276491
