lastAccountName: NebulaBC
timestamps:
  login: 1648606552387
  logout: 1648612804124
  lastteleport: 1648609596838
  kits:
    fw: 1643674980494
    elytra: 1643249412222
    boots: 1643243534663
    dragon: 1646592731018
    fireworks: 1648606809548
    fight: 1643677572116
ipAddress: 51.161.99.24
logoutlocation:
  world: bwlobby
  x: 250.35824791828554
  y: 127.0
  z: 250.4324502472729
  yaw: 196.79861
  pitch: -8.276491
lastlocation:
  world: bwlobby
  x: 238.16199226750092
  y: 141.8366196399601
  z: 257.529501965694
  yaw: 84.20786
  pitch: 61.48339
godmode: false
