lastAccountName: NebulaBC
timestamps:
  login: 1659196452839
  logout: 1659196516539
  lastteleport: 1659196470587
  kits:
    fw: 1643674980494
    elytra: 1643249412222
    boots: 1643243534663
    dragon: 1646592731018
    fireworks: 1648606809548
    fight: 1643677572116
ipAddress: 127.0.0.1
logoutlocation:
  world: bwlobby
  x: 250.35824791828554
  y: 127.0
  z: 250.4324502472729
  yaw: 196.79861
  pitch: -8.276491
lastlocation:
  world: bwlobby
  x: 248.9039490523722
  y: 127.0
  z: 250.32167810163457
  yaw: -85.401764
  pitch: -8.778161
godmode: false
