lastAccountName: NebulaBC
timestamps:
  login: 1659243124449
  logout: 1659244216314
  lastteleport: 1659196470587
  kits:
    fw: 1643674980494
    elytra: 1643249412222
    boots: 1643243534663
    dragon: 1646592731018
    fireworks: 1648606809548
    fight: 1643677572116
ipAddress: 127.0.0.1
logoutlocation:
  world: ocean
  x: 0.8004476161754435
  y: 183.0
  z: 1.3224801671422453
  yaw: -13.025206
  pitch: 72.91052
lastlocation:
  world: bwlobby
  x: 234.17106822471592
  y: 128.0
  z: 249.13705397597624
  yaw: -32.496777
  pitch: 39.981705
godmode: false
