lastAccountName: fruitran
timestamps:
  login: 1643333775749
  logout: 1643334583637
ipAddress: 73.182.4.86
logoutlocation:
  world: bwlobby
  x: 229.71960536980782
  y: 127.0
  z: 248.90771774808726
  yaw: -68.60069
  pitch: 6.4279566
