lastAccountName: Mark3s
timestamps:
  login: 1650619030782
  lastteleport: 1650619051032
  logout: 1650619055296
ipAddress: 217.182.27.250
lastlocation:
  world: bwlobby
  x: 238.8152040455819
  y: 129.24918707874468
  z: 263.2699243065032
  yaw: -306.68637
  pitch: 5.938871
logoutlocation:
  world: bwlobby
  x: 221.529693560905
  y: 13.617263844114541
  z: 249.73307697766316
  yaw: 60.273697
  pitch: 1.9413933
