lastAccountName: EueyJ
timestamps:
  login: 1647541375144
  logout: 1647541408507
ipAddress: 51.161.38.228
logoutlocation:
  world: bwlobby
  x: 253.20600325581177
  y: 127.0
  z: 247.3536935487166
  yaw: -220.84756
  pitch: 6.028804
