lastAccountName: Michael1_
timestamps:
  login: 1638314168167
  lastteleport: 1638315062441
  kits:
    fw: 1638315970034
    elytra: 1638314873045
    boots: 1638314881918
    dragon: 1638314889746
    fireworks: 1638315931595
  logout: 1638316627618
ipAddress: 149.167.146.204
lastlocation:
  world: bwlobby
  x: 250.6562527367604
  y: 127.0
  z: 250.48612756688294
  yaw: -90.45609
  pitch: -12.130772
logoutlocation:
  world: bwlobby
  x: 250.35824791828554
  y: 127.0
  z: 250.4324502472729
  yaw: -92.08203
  pitch: -8.276491
