lastAccountName: qGhostly
timestamps:
  login: 1654919357690
  logout: 1654919386186
ipAddress: 51.161.99.71
lastlocation:
  world: OasisB
  x: -7.974751310575386
  y: 118.19100880685458
  z: -8.508835018973333
  yaw: 219.84534
  pitch: 34.84607
logoutlocation:
  world: bwlobby
  x: 245.9502275813931
  y: 128.0
  z: 253.69700588818432
  yaw: -47.725586
  pitch: 26.281849
