lastAccountName: Horus_the_local
timestamps:
  login: 1626897287180
  logout: 1626900206734
ipAddress: 108.29.223.157
lastlocation:
  world: bwlobby
  x: 256.44325940685644
  y: -1.0712538566418963
  z: 270.2359445690843
  yaw: -196.0786
  pitch: -72.66254
logoutlocation:
  world: bwlobby
  x: 257.22589097221316
  y: 128.0
  z: 259.8667146902518
  yaw: -25.03711
  pitch: 59.695583
