lastAccountName: aquabee_
timestamps:
  login: 1643595925842
  lastteleport: 1643596100345
  kits:
    fw: 1643595939146
  logout: 1643596213233
ipAddress: 121.75.123.18
lastlocation:
  world: bwlobby
  x: 195.59119011193513
  y: 115.44585883712504
  z: 284.17417533005465
  yaw: -28.262777
  pitch: 25.305183
logoutlocation:
  world: bwlobby
  x: 250.35824791828554
  y: 127.0
  z: 250.4324502472729
  yaw: -79.716225
  pitch: -8.276491
