lastAccountName: JackieTheIdiot
timestamps:
  login: 1644019660841
  logout: 1644020163676
ipAddress: 51.161.99.85
logoutlocation:
  world: bwlobby
  x: 202.29529869024432
  y: 135.0
  z: 273.54571313618726
  yaw: 227.72717
  pitch: 22.253752
