lastAccountName: AdamLXD420
timestamps:
  login: 1654407531484
  logout: 1654407545046
ipAddress: 51.222.93.6
logoutlocation:
  world: bwlobby
  x: 240.9355346371574
  y: 128.0
  z: 251.58921254728077
  yaw: -121.27488
  pitch: 13.705114
