lastAccountName: luxuryz
timestamps:
  login: 1634156912134
  kits:
    fw: 1634157034315
  lastteleport: 1634156156053
  logout: 1634157799546
ipAddress: 71.227.25.185
lastlocation:
  world: OasisB
  x: -0.3930165185188116
  y: 94.15774948649252
  z: 50.48238717845979
  yaw: 175.97583
  pitch: 14.596159
logoutlocation:
  world: bwlobby
  x: 250.35824791828554
  y: 127.0
  z: 250.4324502472729
  yaw: 145.87659
  pitch: -8.276491
