lastAccountName: LotusBees
timestamps:
  login: 1648916658944
  lastteleport: 1634160180537
  logout: 1648916717042
  kits:
    fw: 1644020342797
ipAddress: 51.161.99.7
lastlocation:
  world: bwlobby
  x: 235.35375585084537
  y: 128.0
  z: 252.76206417728434
  yaw: -289.6479
  pitch: 34.02352
logoutlocation:
  world: bwlobby
  x: 266.017368140621
  y: 128.0
  z: 259.1123739452482
  yaw: -81.756165
  pitch: 15.1691675
