lastAccountName: ChocoSammii
timestamps:
  login: 1644020236944
  kits:
    fw: 1644019690265
  lastteleport: 1644019955054
  logout: 1644021209101
ipAddress: 51.161.38.255
lastlocation:
  world: bwlobby
  x: 267.0147535259218
  y: 129.0
  z: 248.01622769347676
  yaw: -21.964518
  pitch: 28.223219
logoutlocation:
  world: bwlobby
  x: 249.6933302254904
  y: 127.5
  z: 245.07629037173493
  yaw: -103.53001
  pitch: 3.0074399
