lastAccountName: SinPasteles874
timestamps:
  login: 1642202462476
  logout: 1642205011314
  lastteleport: 1642201511355
ipAddress: 191.112.171.152
logoutlocation:
  world: bwlobby
  x: 250.35824791828554
  y: 127.0
  z: 250.4324502472729
  yaw: 184.80725
  pitch: -8.276491
lastlocation:
  world: bwlobby
  x: 236.02024596420827
  y: 128.0
  z: 250.54357590589694
  yaw: 89.6344
  pitch: -2.4627163
