lastAccountName: cherye
timestamps:
  login: 1626897294676
  logout: 1626897943864
ipAddress: 149.241.97.145
lastlocation:
  world: bwlobby
  x: 245.44224125011968
  y: 129.0
  z: 245.4629778822487
  yaw: -191.80724
  pitch: 16.203375
logoutlocation:
  world: bwlobby
  x: 250.35824791828554
  y: 127.0
  z: 250.4324502472729
  yaw: -309.92374
  pitch: -8.276491
