lastAccountName: shakescrafty
timestamps:
  login: 1644020090540
  logout: 1644020217522
  lastteleport: 1644020173955
ipAddress: 51.222.93.20
logoutlocation:
  world: bwlobby
  x: 236.02024596420827
  y: 128.0
  z: 250.54357590589694
  yaw: 89.6344
  pitch: -2.4627163
lastlocation:
  world: bwlobby
  x: 250.65432703150503
  y: 127.0
  z: 250.48614289105498
  yaw: -90.45609
  pitch: -11.980772
