lastAccountName: Gigistar123334
timestamps:
  login: 1643687228833
  lastteleport: 1643596099747
  logout: 1643687242511
ipAddress: 69.125.148.23
lastlocation:
  world: bwlobby
  x: 250.4054148223681
  y: 127.0
  z: 250.21712087159324
  yaw: -88.81111
  pitch: -16.504454
logoutlocation:
  world: bwlobby
  x: 247.4133407650403
  y: 128.0
  z: 237.95413381912053
  yaw: 23.589777
  pitch: 21.42506
