lastAccountName: _Lizena_
timestamps:
  login: 1644020238453
  kits:
    fw: 1644019685568
  logout: 1644021224157
ipAddress: 51.161.38.230
logoutlocation:
  world: bwlobby
  x: 252.0403010987651
  y: 128.0
  z: 244.51088907838042
  yaw: -279.29868
  pitch: 16.312279
