lastAccountName: J4C0BSn31L
timestamps:
  login: 1648676932879
  lastteleport: 1648677498979
  logout: 1648677531892
ipAddress: 24.35.242.22
lastlocation:
  world: bwlobby
  x: 221.85637724137266
  y: 116.04815198852624
  z: 256.1465648391019
  yaw: 33.83416
  pitch: 24.237282
logoutlocation:
  world: bwlobby
  x: 228.19689400141183
  y: 116.0
  z: 252.7836839126414
  yaw: 43.884304
  pitch: -0.06271628
