lastAccountName: SpaceDestroyerSH
timestamps:
  login: 1644020250695
  lastteleport: 1644021130691
  logout: 1644021221203
  kits:
    fw: 1644020382298
ipAddress: 51.161.99.63
lastlocation:
  world: bwlobby
  x: 231.30000001192093
  y: -39.82026891593807
  z: 250.7132469855543
  yaw: 85.337006
  pitch: 1.103193
logoutlocation:
  world: bwlobby
  x: 249.94909243143462
  y: 127.0
  z: 250.36482924857077
  yaw: -85.467415
  pitch: 12.75323
