lastAccountName: FleeingComb2243
timestamps:
  login: 1643597395339
  logout: 1643598820200
ipAddress: 70.40.27.216
logoutlocation:
  world: bwlobby
  x: 262.5326043600352
  y: 129.0
  z: 251.4806087572315
  yaw: 13.736272
  pitch: 13.867368
