lastAccountName: ziyadstormYT
timestamps:
  login: 1643803250094
  logout: 1643804247888
  lastteleport: 1643803305947
  kits:
    fw: 1643803200855
ipAddress: 102.44.57.60
logoutlocation:
  world: bwlobby
  x: 250.35824791828554
  y: 127.0
  z: 250.4324502472729
  yaw: -277.3753
  pitch: -8.276491
lastlocation:
  world: bwlobby
  x: 190.4543575801885
  y: 125.74718866953233
  z: 298.2158441545379
  yaw: 44.631958
  pitch: 23.100306
