lastAccountName: Shardie_CrimsoN
timestamps:
  login: 1636584515644
  logout: 1636584556843
ipAddress: 85.94.159.5
logoutlocation:
  world: bwlobby
  x: 235.31920646649272
  y: 108.0
  z: 237.27857226609308
  yaw: -152.64789
  pitch: 23.797152
