lastAccountName: battyfish79
timestamps:
  login: 1634154700093
  logout: 1634155612578
  lastteleport: 1634155594140
ipAddress: 86.179.89.19
logoutlocation:
  world: bwlobby
  x: 207.86480922113975
  y: 129.1661092609382
  z: 298.55431217090796
  yaw: -50.12166
  pitch: 16.474669
lastlocation:
  world: bwlobby
  x: 222.23228342941337
  y: -95.97071966058755
  z: 256.08945312923544
  yaw: 24.887547
  pitch: 3.5676196
