lastAccountName: Wiebit
timestamps:
  login: 1644019934579
  logout: 1644020207466
ipAddress: 51.161.38.251
logoutlocation:
  world: bwlobby
  x: 265.1744274277643
  y: 131.6212968405392
  z: 229.32682658850868
  yaw: 106.448
  pitch: 35.161617
