lastAccountName: snow_fox_XD
timestamps:
  login: 1646671981798
  lastteleport: 1646671998700
  logout: 1646672009616
ipAddress: 51.195.52.25
lastlocation:
  world: bwlobby
  x: 251.47550561755267
  y: 129.02442408821366
  z: 260.99020396524355
  yaw: 0.52214515
  pitch: 36.245586
logoutlocation:
  world: bwlobby
  x: 221.7323002366167
  y: 57.96780127548107
  z: 265.01570923514896
  yaw: 18.579245
  pitch: 25.472069
