lastAccountName: Super_Cy10
timestamps:
  login: 1636827277040
  logout: 1636827421676
ipAddress: 74.129.67.111
logoutlocation:
  world: bwlobby
  x: 258.49191098090125
  y: 128.0
  z: 242.7186963841159
  yaw: -34.807465
  pitch: 4.2169027
