lastAccountName: Legendns
timestamps:
  login: 1642119970209
  kits:
    fw: 1642119692758
    elytra: 1642120010483
    fireworks: 1642120035035
  logout: 1642120663181
  lastteleport: 1642120472448
ipAddress: 104.182.214.96
logoutlocation:
  world: bwlobby
  x: 250.35824791828554
  y: 127.0
  z: 250.4324502472729
  yaw: 253.96768
  pitch: -8.276491
lastlocation:
  world: bwlobby
  x: 229.31939893601265
  y: 124.5536060481566
  z: 248.63145303633797
  yaw: 120.29745
  pitch: 16.082026
