lastAccountName: Lovinsky
timestamps:
  login: 1637429162447
  lastteleport: 1637430551040
  kits:
    elytra: 1637430348290
    boots: 1637430611489
    fireworks: 1637429750341
  logout: 1637430662110
ipAddress: 79.208.56.126
lastlocation:
  world: bwlobby
  x: 256.6144653768485
  y: 127.5
  z: 249.9057801692627
  yaw: -247.35522
  pitch: 24.619183
logoutlocation:
  world: bwlobby
  x: 117.98975544300924
  y: 68.0
  z: 138.2738867145392
  yaw: 194.79144
  pitch: -69.90012
