lastAccountName: AshGreninja360
timestamps:
  login: 1634156055215
  kits:
    fw: 1634157628040
  lastteleport: 1634159044154
ipAddress: 70.18.10.138
lastlocation:
  world: bwlobby
  x: 221.70557679092275
  y: 126.93050451123717
  z: 260.71889550110603
  yaw: 15.41123
  pitch: 22.213139
