lastAccountName: M0F
timestamps:
  login: 1643671936390
  logout: 1643672039073
ipAddress: 70.107.179.172
logoutlocation:
  world: bwlobby
  x: 250.35824791828554
  y: 127.0
  z: 250.4324502472729
  yaw: -198.70909
  pitch: -8.276491
