lastAccountName: Hqks
timestamps:
  login: 1634157260285
  lastteleport: 1634158929715
  logout: 1634160162080
  kits:
    fw: 1634158956224
ipAddress: 83.43.60.124
lastlocation:
  world: bwlobby
  x: 200.04709601860893
  y: 40.602322106379134
  z: 227.30746237179198
  yaw: 88.244774
  pitch: 29.481544
logoutlocation:
  world: bwlobby
  x: 243.519899720017
  y: 129.0
  z: 268.75966536442183
  yaw: 189.15482
  pitch: 1.243324
