lastAccountName: iisums09
timestamps:
  login: 1642305850146
  kits:
    fw: 1642301317077
  lastteleport: 1642304851934
  logout: 1642306088511
ipAddress: 72.255.5.208
lastlocation:
  world: bwlobby
  x: 234.7713321167173
  y: 128.0
  z: 250.5479950175973
  yaw: 89.6344
  pitch: -2.4627163
nickname: rest
logoutlocation:
  world: bwlobby
  x: 250.35824791828554
  y: 127.0
  z: 250.4324502472729
  yaw: 289.37662
  pitch: -8.276491
