lastAccountName: Ukulelegirl111
timestamps:
  login: 1642111489895
  logout: 1642111869144
  kits:
    fw: 1642111807705
    elytra: 1642111609322
    fireworks: 1642111690898
ipAddress: 24.235.193.197
logoutlocation:
  world: bwlobby
  x: 237.9871000738856
  y: 128.0
  z: 265.6605859298589
  yaw: 276.14935
  pitch: 32.999996
lastlocation:
  world: bwlobby
  x: 347.7129857972231
  y: 140.61970173109984
  z: 170.5473780129437
  yaw: -114.30598
  pitch: 21.619358
