lastAccountName: snsteph
timestamps:
  login: 1644019636151
  logout: 1644019911727
ipAddress: 51.161.99.92
logoutlocation:
  world: bwlobby
  x: 268.91154939338975
  y: 129.0
  z: 257.705241283071
  yaw: 124.15198
  pitch: 26.913471
