lastAccountName: chIoemarie7
timestamps:
  login: 1643334619466
  lastteleport: 1643333658384
  logout: 1643336084393
ipAddress: 86.7.17.116
lastlocation:
  world: bwlobby
  x: 261.5
  y: 129.0
  z: 250.5
  yaw: 270.0
  pitch: 0.0
logoutlocation:
  world: bwlobby
  x: 250.35824791828554
  y: 127.0
  z: 250.4324502472729
  yaw: -184.82578
  pitch: -8.276491
