lastAccountName: SamanthaS1911
timestamps:
  login: 1643333046097
  logout: 1643334067671
  lastteleport: 1643333679948
  kits:
    fw: 1643333817099
ipAddress: 67.189.162.64
logoutlocation:
  world: bwlobby
  x: 250.35824791828554
  y: 127.0
  z: 250.4324502472729
  yaw: 322.7015
  pitch: -8.276491
lastlocation:
  world: bwlobby
  x: 235.7254298450444
  y: 128.0
  z: 250.54439425992334
  yaw: 90.137436
  pitch: 16.401232
