lastAccountName: Majolner71
timestamps:
  login: 1648631908078
  logout: 1648631940293
ipAddress: 141.95.23.29
logoutlocation:
  world: bwlobby
  x: 252.8836018650345
  y: 128.0
  z: 274.63346995676477
  yaw: 173.54973
  pitch: 15.449936
