lastAccountName: MuhammadAzri_ID
timestamps:
  login: 1652842313556
  lastteleport: 1652833984801
  kits:
    fw: 1652833821093
    fireworks: 1652831364159
  logout: 1652842763455
ipAddress: 51.161.99.71
lastlocation:
  world: bwlobby
  x: 224.30000001192093
  y: 1.0
  z: 258.1850608151752
  yaw: 46.32898
  pitch: 6.512488
logoutlocation:
  world: bwlobby
  x: 250.35824791828554
  y: 127.0
  z: 250.4324502472729
  yaw: 267.9222
  pitch: -8.276491
