lastAccountName: Urmum7
timestamps:
  login: 1643597264488
  lastteleport: 1643597348591
  logout: 1643598851799
  kits:
    fw: 1643598803428
ipAddress: 119.224.57.181
lastlocation:
  world: bwlobby
  x: 165.27706609101085
  y: 138.17675927506423
  z: 256.4973435751765
  yaw: 209.00143
  pitch: 23.120693
logoutlocation:
  world: bwlobby
  x: 232.5363568640448
  y: 129.0
  z: 236.10146299742104
  yaw: -46.250122
  pitch: 31.261505
