lastAccountName: Manzarch
timestamps:
  login: 1631125069090
  logout: 1631125218032
ipAddress: 74.78.0.88
logoutlocation:
  world: bwlobby
  x: 250.35824791828554
  y: 127.0
  z: 250.4324502472729
  yaw: 91.16539
  pitch: -8.276491
