lastAccountName: NicoPlaysThings
timestamps:
  login: 1654552063041
  kits:
    fw: 1639879488358
    dragon: 1654553959694
    tools: 1631125101223
  lastteleport: 1654555730459
  logout: 1654557057016
ipAddress: 51.161.38.235
lastlocation:
  world: bwlobby
  x: 237.27256378058064
  y: 1.0
  z: 344.7848089621978
  yaw: 112.36127
  pitch: 45.573708
logoutlocation:
  world: bwlobby
  x: 250.35824791828554
  y: 127.0
  z: 250.4324502472729
  yaw: -154.35489
  pitch: -8.276491
