lastAccountName: Nisika
timestamps:
  login: 1654993708104
  kits:
    fw: 1654555679207
    elytra: 1654990098695
    boots: 1654552056702
    dragon: 1653099060667
    fireworks: 1654990085824
  logout: 1654993338716
  lastteleport: 1654989653847
ipAddress: 51.161.99.7
logoutlocation:
  world: MegaShire
  x: -23.32866418777745
  y: 58.54977282610475
  z: 26.963086367072123
  yaw: 79.097534
  pitch: 53.17021
lastlocation:
  world: MegaShire
  x: 5.2431329814747425
  y: 67.47670418654238
  z: 10.389211416050896
  yaw: -54.75537
  pitch: 25.150549
