lastAccountName: Moogothacksnow
timestamps:
  login: 1654820908701
  lastteleport: 1654821043705
  kits:
    fw: 1642813212231
  logout: 1654821365414
ipAddress: 51.161.99.22
lastlocation:
  world: bwlobby
  x: 221.49431637076245
  y: 103.53918646823165
  z: 260.69999998807907
  yaw: 16.255493
  pitch: 29.612316
logoutlocation:
  world: bwlobby
  x: 250.35824791828554
  y: 127.0
  z: 250.4324502472729
  yaw: -177.8238
  pitch: -8.276491
