lastAccountName: Infernally
timestamps:
  login: 1654112650492
  lastteleport: 1654121640884
  logout: 1654121779250
ipAddress: 51.161.99.42
lastlocation:
  world: bwlobby
  x: 224.08058235859224
  y: 1.0
  z: 249.10609685057435
  yaw: -59.700497
  pitch: 64.16652
logoutlocation:
  world: bwlobby
  x: 264.86869934564606
  y: 128.0
  z: 265.6307305441027
  yaw: 63.972534
  pitch: 6.7362576
