lastAccountName: Bestnicknamever
timestamps:
  login: 1643692626134
  logout: 1643692758746
ipAddress: 23.113.23.97
logoutlocation:
  world: bwlobby
  x: 249.42772001476715
  y: 128.0
  z: 265.8291280959958
  yaw: 16.547485
  pitch: 16.305925
