lastAccountName: Devilkitty0227
timestamps:
  login: 1644020090276
  logout: 1644020541766
ipAddress: 51.161.99.93
logoutlocation:
  world: bwlobby
  x: 242.30953812257022
  y: 128.0
  z: 256.2500918032893
  yaw: -59.15332
  pitch: 24.851763
