lastAccountName: Tatertot5
timestamps:
  login: 1650128126411
  lastteleport: 1650129100680
  kits:
    fw: 1642207209695
    elytra: 1642203830735
    boots: 1642207356285
    dragon: 1650126570842
    fireworks: 1650126796860
  logout: 1650129304560
ipAddress: 51.161.99.90
lastlocation:
  world: bwlobby
  x: 236.02024596420827
  y: 128.0
  z: 250.54357590589694
  yaw: 89.6344
  pitch: -2.4627163
nickname: Tatertot
logoutlocation:
  world: bwlobby
  x: 250.35824791828554
  y: 127.0
  z: 250.4324502472729
  yaw: 89.810234
  pitch: -8.276491
