lastAccountName: _AskHT_
timestamps:
  login: 1647981157059
  kits:
    fw: 1647981285813
  lastteleport: 1647981423410
  logout: 1647981427770
ipAddress: 51.89.81.41
lastlocation:
  world: bwlobby
  x: 222.56407340724544
  y: 122.40617885469534
  z: 254.8219815300261
  yaw: 5.9343715
  pitch: 37.887276
logoutlocation:
  world: bwlobby
  x: 223.32192620214957
  y: 129.0
  z: 256.5926779850846
  yaw: 41.784428
  pitch: 25.437277
