lastAccountName: Maxiich01
timestamps:
  login: 1646848809394
  kits:
    fw: 1646848842847
  logout: 1646848880362
ipAddress: 141.95.23.27
logoutlocation:
  world: bwlobby
  x: 253.93279184114004
  y: 128.0
  z: 277.1671551450053
  yaw: -201.89459
  pitch: 16.49979
