lastAccountName: Fight_and_Build
timestamps:
  login: 1645232122952
  kits:
    fw: 1645231943774
  logout: 1645234349889
ipAddress: 51.161.99.88
logoutlocation:
  world: bwlobby
  x: 245.1355612423593
  y: -1.8889074750948818
  z: 244.41434880677662
  yaw: -69.74905
  pitch: -15.326437
