lastAccountName: KF1387
timestamps:
  login: 1650128747902
  logout: 1650129617566
  kits:
    fw: 1650129046980
  lastteleport: 1650129064528
ipAddress: 51.89.81.8
logoutlocation:
  world: bwlobby
  x: 250.35824791828554
  y: 127.0
  z: 250.4324502472729
  yaw: 91.2535
  pitch: -8.276491
lastlocation:
  world: bwlobby
  x: 232.93159101765903
  y: 1.0
  z: 248.05150478516887
  yaw: 72.60205
  pitch: 19.118256
