lastAccountName: Noahkup
timestamps:
  login: 1644020080826
  logout: 1644020225087
ipAddress: 51.161.99.88
logoutlocation:
  world: bwlobby
  x: 231.4721334830413
  y: 129.79673560066868
  z: 259.97024535144874
  yaw: 87.17724
  pitch: 41.940304
