lastAccountName: Klyze
timestamps:
  login: 1634156056544
  logout: 1634157164925
  lastteleport: 1634156120667
  kits:
    fw: 1634156170759
ipAddress: 67.247.60.200
logoutlocation:
  world: bwlobby
  x: 250.35824791828554
  y: 127.0
  z: 250.4324502472729
  yaw: 0.7665663
  pitch: -8.276491
lastlocation:
  world: OasisB
  x: 506.9358436979978
  y: 101.0
  z: 500.13694220520244
  yaw: -186.2402
  pitch: 6.1498065
