lastAccountName: Disisaperson
timestamps:
  login: 1642116024275
  kits:
    fw: 1642115699474
  lastteleport: 1642116110251
  logout: 1642118847391
ipAddress: 108.30.242.64
lastlocation:
  world: bwlobby
  x: 244.4709557070154
  y: 128.4952008770059
  z: 251.2075391024428
  yaw: -92.41556
  pitch: 55.06662
logoutlocation:
  world: bwlobby
  x: 258.4138104804475
  y: 128.0
  z: 249.54240966817392
  yaw: 270.0
  pitch: 0.0
