lastAccountName: ImGuyDieguito
timestamps:
  login: 1643597667888
  kits:
    fw: 1643597689344
  lastteleport: 1643597760239
  logout: 1643597787101
ipAddress: 190.242.24.105
lastlocation:
  world: bwlobby
  x: 216.27720229289835
  y: -2.640268932998045
  z: 267.766329140705
  yaw: 82.47066
  pitch: 39.22837
logoutlocation:
  world: bwlobby
  x: 250.92912309723135
  y: 128.0
  z: 276.3292805880906
  yaw: 164.29346
  pitch: 30.128649
