lastAccountName: Faire1
timestamps:
  login: 1644020095939
  logout: 1644020223705
ipAddress: 51.161.19.248
logoutlocation:
  world: bwlobby
  x: 245.08864208432846
  y: 128.0
  z: 235.86584708280114
  yaw: 109.28117
  pitch: 25.20014
