lastAccountName: Jester946
timestamps:
  login: 1644019619292
  kits:
    fw: 1643595930903
  logout: 1644020195968
  lastteleport: 1644019633593
ipAddress: 51.161.38.252
logoutlocation:
  world: bwlobby
  x: 203.8956101079941
  y: 134.5
  z: 271.214680594725
  yaw: -52.80054
  pitch: 73.539406
lastlocation:
  world: bwlobby
  x: 221.37932208515744
  y: 119.33293275542411
  z: 261.9238281297918
  yaw: 34.284416
  pitch: 30.687262
