lastAccountName: vibingmoment
timestamps:
  login: 1654648356130
  logout: 1654648391822
ipAddress: 51.222.93.3
logoutlocation:
  world: bwlobby
  x: 251.5
  y: 127.0
  z: 250.5
  yaw: 24.956615
  pitch: -14.546904
