lastAccountName: fndp
timestamps:
  login: 1644187452806
  logout: 1644187482487
  kits:
    fw: 1644020318643
ipAddress: 51.161.99.27
logoutlocation:
  world: bwlobby
  x: 250.35824791828554
  y: 127.0
  z: 250.4324502472729
  yaw: -89.39903
  pitch: -8.276491
