lastAccountName: DerpyOrangeCow
timestamps:
  login: 1636823812653
  lastteleport: 1636824082500
  logout: 1636824098738
ipAddress: 73.42.152.251
lastlocation:
  world: bwlobby
  x: 236.5
  y: 128.0
  z: 250.5
  yaw: 89.6344
  pitch: -2.4627163
logoutlocation:
  world: bwlobby
  x: 250.35824791828554
  y: 127.0
  z: 250.4324502472729
  yaw: 2.6322253
  pitch: -8.276491
