lastAccountName: itztutlzlol
timestamps:
  login: 1653255171840
  logout: 1653255185679
  kits:
    fw: 1652836570254
ipAddress: 51.161.99.78
logoutlocation:
  world: bwlobby
  x: 257.97511346821375
  y: 128.0
  z: 250.20074709694808
  yaw: -275.58087
  pitch: -4.5808206
