lastAccountName: watermalonefan9
timestamps:
  login: 1651538113020
  lastteleport: 1651538314253
  kits:
    fw: 1651537503451
  logout: 1651538625057
ipAddress: 51.161.19.228
lastlocation:
  world: bwlobby
  x: 224.74159676996655
  y: 123.1543215680923
  z: 255.21639453410472
  yaw: 47.947495
  pitch: 79.39916
logoutlocation:
  world: bwlobby
  x: 250.67392645618014
  y: 127.0
  z: 250.4859925623783
  yaw: -90.45609
  pitch: -11.980772
