lastAccountName: unpossible_
timestamps:
  login: 1644019715194
  logout: 1644020168968
ipAddress: 51.161.99.85
logoutlocation:
  world: bwlobby
  x: 250.65432703150503
  y: 127.0
  z: 250.48614289105498
  yaw: -90.45609
  pitch: -11.980772
