lastAccountName: Defone
timestamps:
  login: 1654112783562
  lastteleport: 1654114334884
  kits:
    fireworks: 1654114584040
  logout: 1654121743689
ipAddress: 51.222.93.11
lastlocation:
  world: bwlobby
  x: 254.1182084909485
  y: 128.0
  z: 242.99959503143802
  yaw: 255.15564
  pitch: 19.726301
logoutlocation:
  world: bwlobby
  x: 251.47330138846692
  y: 129.0
  z: 235.49644026426745
  yaw: 279.05713
  pitch: 32.83061
