lastAccountName: YellowChickens
timestamps:
  login: 1643334648013
  logout: 1643335016102
ipAddress: 124.183.14.8
logoutlocation:
  world: bwlobby
  x: 250.35824791828554
  y: 127.0
  z: 250.4324502472729
  yaw: 28.193592
  pitch: -8.276491
