lastAccountName: carvhes
timestamps:
  login: 1644020236842
  logout: 1644021234557
  kits:
    fw: 1644021136183
ipAddress: 51.161.99.35
logoutlocation:
  world: bwlobby
  x: 247.26776896951355
  y: 128.0
  z: 240.4599488246072
  yaw: -123.74889
  pitch: 12.573522
