lastAccountName: Phxebe
timestamps:
  login: 1644020647754
  logout: 1644021027908
  lastteleport: 1644020855492
ipAddress: 51.178.221.7
logoutlocation:
  world: bwlobby
  x: 263.4907886311536
  y: 128.0
  z: 247.20135186460902
  yaw: -113.031555
  pitch: 20.59111
lastlocation:
  world: bwlobby
  x: 223.08138804564078
  y: 123.59563273362987
  z: 255.83884822539892
  yaw: 44.63228
  pitch: 9.852443
