lastAccountName: s0upy__
timestamps:
  login: 1648604376255
  lastteleport: 1648604755538
  logout: 1648605050770
ipAddress: 51.161.99.7
lastlocation:
  world: bwlobby
  x: 279.1976155805949
  y: 90.17021835051317
  z: 294.972403125249
  yaw: 69.72534
  pitch: 20.454683
logoutlocation:
  world: bwlobby
  x: 251.9062228633375
  y: 127.0
  z: 246.46925502650572
  yaw: -280.7597
  pitch: 17.647053
