lastAccountName: Imashira
timestamps:
  login: 1648062161063
  logout: 1648062763173
  kits:
    fw: 1646434626558
    fireworks: 1648062400992
ipAddress: 51.195.87.159
logoutlocation:
  world: bwlobby
  x: 242.66762911976744
  y: 128.4952008770059
  z: 238.28366963164433
  yaw: 4.4937735
  pitch: -5.5308805
