lastAccountName: Keanoes
timestamps:
  login: 1653422502225
  lastteleport: 1653425194491
  kits:
    fireworks: 1653426298621
  logout: 1653427259811
ipAddress: 51.222.93.28
lastlocation:
  world: bwlobby
  x: 298.18690965362856
  y: 1.3334164656313479
  z: 231.43307290419676
  yaw: 59.844475
  pitch: 30.44958
logoutlocation:
  world: bwlobby
  x: 250.35824791828554
  y: 127.0
  z: 250.4324502472729
  yaw: -89.39903
  pitch: -8.276491
