lastAccountName: jlobudder
timestamps:
  login: 1643333048798
  lastteleport: 1643333826048
  logout: 1643334078222
ipAddress: 108.207.136.83
lastlocation:
  world: bwlobby
  x: 233.92500001192093
  y: 128.1212968405392
  z: 250.55085695997232
  yaw: 90.37324
  pitch: 27.458904
logoutlocation:
  world: bwlobby
  x: 250.35824791828554
  y: 127.0
  z: 250.4324502472729
  yaw: -183.22668
  pitch: -8.276491
