lastAccountName: Nicoglass18
timestamps:
  login: 1636823793085
  logout: 1636826574450
ipAddress: 178.174.137.187
lastlocation:
  world: OasisbScen
  x: 506.1003053234112
  y: 101.0
  z: 500.62993383253854
  yaw: -6.9431505
  pitch: 23.94679
logoutlocation:
  world: bwlobby
  x: 250.35824791828554
  y: 127.0
  z: 250.4324502472729
  yaw: -12.373741
  pitch: -8.276491
