lastAccountName: Ronan_00
timestamps:
  login: 1643598042588
  lastteleport: 1643334425898
  logout: 1643598792422
ipAddress: 174.95.163.165
lastlocation:
  world: bwlobby
  x: 250.6739203677445
  y: 127.0
  z: 250.48563182653373
  yaw: -90.45609
  pitch: -11.813992
logoutlocation:
  world: bwlobby
  x: 250.35824791828554
  y: 127.0
  z: 250.4324502472729
  yaw: -95.42497
  pitch: -8.276491
