lastAccountName: katoneimoidia
timestamps:
  login: 1644020086727
  logout: 1644020965930
  kits:
    fw: 1644020090764
ipAddress: 51.161.99.17
logoutlocation:
  world: bwlobby
  x: 250.35824791828554
  y: 127.0
  z: 250.4324502472729
  yaw: -178.71375
  pitch: -8.276491
