lastAccountName: Jibscar
timestamps:
  login: 1643338235529
  lastteleport: 1643338272580
  logout: 1643338298241
ipAddress: 73.176.1.195
lastlocation:
  world: bwlobby
  x: 251.85467666337917
  y: 127.12129684053917
  z: 253.15174688048543
  yaw: -68.789795
  pitch: 13.077078
logoutlocation:
  world: bwlobby
  x: 265.57236240743225
  y: 129.0
  z: 251.88819038067354
  yaw: -150.40662
  pitch: 30.746124
