lastAccountName: Lilly_21357
timestamps:
  login: 1654700527647
  kits:
    fw: 1644946244789
    fireworks: 1644946152945
  lastteleport: 1654700562208
  logout: 1654700564576
ipAddress: 51.178.221.23
lastlocation:
  world: bwlobby
  x: 219.73860623318495
  y: 1.0
  z: 259.2579679926751
  yaw: 180.14433
  pitch: -90.0
logoutlocation:
  world: bwlobby
  x: 250.65432703150503
  y: 127.0
  z: 250.48614289105498
  yaw: -92.406105
  pitch: -1.3307711
