lastAccountName: CelestialShima
timestamps:
  login: 1644020072806
  logout: 1644020186712
ipAddress: 51.161.99.63
logoutlocation:
  world: bwlobby
  x: 240.84508584996783
  y: 128.0
  z: 267.7582713001749
  yaw: -148.42307
  pitch: 13.594188
