lastAccountName: Squishable
timestamps:
  login: 1644019753040
  logout: 1644020168988
ipAddress: 51.161.38.243
logoutlocation:
  world: bwlobby
  x: 246.35285277830818
  y: 128.4952008770059
  z: 247.10152067389933
  yaw: -334.6524
  pitch: 23.269255
