lastAccountName: Benetolos
timestamps:
  login: 1642303831674
  kits:
    fw: 1642303865936
  lastteleport: 1642304214236
ipAddress: 79.206.135.52
lastlocation:
  world: bwlobby
  x: 250.35824791828554
  y: 127.0
  z: 250.4324502472729
  yaw: -89.39903
  pitch: -8.276491
