lastAccountName: iLxfd
timestamps:
  login: 1647540838194
  lastteleport: 1647540911697
  kits:
    fw: 1647540880254
  logout: 1647540921707
ipAddress: 51.195.87.144
lastlocation:
  world: bwlobby
  x: 262.05158044200977
  y: 129.0
  z: 250.55498363820794
  yaw: -96.33336
  pitch: 10.983928
logoutlocation:
  world: bwlobby
  x: 261.37311127355554
  y: 129.0
  z: 250.5210556376168
  yaw: -202.81187
  pitch: 10.924289
