lastAccountName: AciDicBliTzz
timestamps:
  login: 1644020500154
  logout: 1644021108843
ipAddress: 51.222.93.26
logoutlocation:
  world: bwlobby
  x: 250.35824791828554
  y: 127.0
  z: 250.4324502472729
  yaw: -290.5937
  pitch: -8.276491
