lastAccountName: O_R
timestamps:
  login: 1636823729652
  lastteleport: 1636824140256
  kits:
    fw: 1636826659007
  logout: 1636827953819
ipAddress: 84.218.8.213
lastlocation:
  world: MarsB
  x: 50.0584451768537
  y: 49.0
  z: -113.69999998807907
  yaw: -55.399994
  pitch: 56.79382
logoutlocation:
  world: bwlobby
  x: 250.35824791828554
  y: 127.0
  z: 250.4324502472729
  yaw: -288.81754
  pitch: -8.276491
