lastAccountName: Jibah_
timestamps:
  login: 1644020229163
  logout: 1644021316135
ipAddress: 51.222.93.22
logoutlocation:
  world: bwlobby
  x: 239.55219124507056
  y: 129.25220334025371
  z: 266.4721010321896
  yaw: 226.85779
  pitch: 28.623472
