lastAccountName: sweatgod
timestamps:
  login: 1654122631827
  logout: 1654124918201
ipAddress: 51.161.38.246
lastlocation:
  world: bwlobby
  x: 260.337969952964
  y: 128.0
  z: 255.56009847944065
  yaw: 41.135986
  pitch: 11.757692
logoutlocation:
  world: bwlobby
  x: 254.0915184582521
  y: 128.0
  z: 236.44246957831706
  yaw: 8.051514
  pitch: 43.86472
