lastAccountName: OwlmanMC
timestamps:
  login: 1643597241962
  kits:
    fw: 1643597951241
  logout: 1643598293019
  lastteleport: 1643597970640
ipAddress: 50.80.159.126
logoutlocation:
  world: bwlobby
  x: 250.35824791828554
  y: 127.0
  z: 250.4324502472729
  yaw: -264.96204
  pitch: -8.276491
lastlocation:
  world: bwlobby
  x: 229.1730118677473
  y: 89.49734367001363
  z: 251.88113239673834
  yaw: -294.74915
  pitch: 9.873648
