lastAccountName: 5izzler
timestamps:
  login: 1643333230849
  lastteleport: 1643333803598
  logout: 1643334583599
ipAddress: 71.184.194.63
lastlocation:
  world: bwlobby
  x: 233.92500001192093
  y: 129.00133597911216
  z: 250.94786786395343
  yaw: 89.38455
  pitch: -2.4627163
logoutlocation:
  world: bwlobby
  x: 246.29927064542503
  y: 128.0
  z: 235.5301139279198
  yaw: 275.0035
  pitch: 35.197044
