lastAccountName: unchargeableness
timestamps:
  login: 1661120917372
  logout: 1661121343567
  kits:
    fw: 1639159699025
  lastteleport: 1661121033813
ipAddress: 127.0.0.1
lastlocation:
  world: bwlobby
  x: 250.35824791828554
  y: 127.0
  z: 250.4324502472729
  yaw: -89.39903
  pitch: -8.276491
logoutlocation:
  world: bwlobby
  x: 250.35824791828554
  y: 127.0
  z: 250.4324502472729
  yaw: -89.39903
  pitch: -8.276491
godmode: false
money: '5.0'
