lastAccountName: wadis
timestamps:
  login: 1654114467558
  logout: 1654121679052
ipAddress: 51.161.19.252
logoutlocation:
  world: bwlobby
  x: 263.87804396642935
  y: 128.0
  z: 259.61414342081247
  yaw: 284.1546
  pitch: 5.995396
lastlocation:
  world: bwlobby
  x: 243.67012253153425
  y: 129.25220334025371
  z: 249.43606925417606
  yaw: -151.82028
  pitch: 5.625062
