lastAccountName: TobyLaLaLa
timestamps:
  login: 1644020112981
  logout: 1644020224152
ipAddress: 51.161.99.24
logoutlocation:
  world: bwlobby
  x: 258.09666388503064
  y: 128.0
  z: 242.46375607971544
  yaw: -356.06998
  pitch: 19.906322
