lastAccountName: Faish
timestamps:
  login: 1637717458811
  lastteleport: 1637717468832
  logout: 1637719308172
ipAddress: 104.174.99.33
lastlocation:
  world: bwlobby
  x: 257.8549421449438
  y: 251.75566405337636
  z: 247.28688682349727
  yaw: 77.61829
  pitch: 80.80044
logoutlocation:
  world: Candy
  x: -29.29404894983424
  y: 63.0
  z: 26.879831236679514
  yaw: 235.53442
  pitch: 12.194573
