lastAccountName: oGarfield
timestamps:
  login: 1643671933739
  kits:
    fw: 1634157687367
    tools: 1631126747561
  lastteleport: 1634160255225
  logout: 1643672046253
ipAddress: 89.153.71.19
lastlocation:
  world: OasisB
  x: -106.82268592212378
  y: 86.0
  z: 30.264609350133423
  yaw: -203.00958
  pitch: 17.531275
logoutlocation:
  world: bwlobby
  x: 249.96531776908466
  y: 127.0
  z: 249.79211096249503
  yaw: -75.4527
  pitch: -4.806587
