lastAccountName: eBugzX
timestamps:
  login: 1644019931544
  logout: 1644020203015
ipAddress: 51.222.93.16
logoutlocation:
  world: bwlobby
  x: 236.92500001192093
  y: 128.0
  z: 228.92500001192093
  yaw: -197.22302
  pitch: 8.330692
