lastAccountName: Natrix739
timestamps:
  login: 1648913938755
  lastteleport: 1648914035706
  kits:
    fireworks: 1648914020116
  logout: 1648914049092
ipAddress: 51.195.52.20
lastlocation:
  world: bwlobby
  x: 188.4476322871241
  y: 1.0
  z: 277.4544555350553
  yaw: 214.13432
  pitch: -2.012937
logoutlocation:
  world: bwlobby
  x: 199.5913697903386
  y: 133.0
  z: 275.01546462128834
  yaw: -282.60474
  pitch: 10.969264
