lastAccountName: GORBPOOPOO
timestamps:
  login: 1632081215416
  logout: 1632084397767
  lastteleport: 1632084351193
  kits:
    tools: 1628701369250
ipAddress: 96.248.86.127
lastlocation:
  world: bwlobby
  x: 255.22021505879778
  y: 127.0
  z: 249.70220593074328
  yaw: -88.207466
  pitch: 1.1362278
logoutlocation:
  world: monastery
  x: -40.62769047162436
  y: 100.0
  z: 3.6423127646425413
  yaw: -203.32835
  pitch: 25.66431
