lastAccountName: W0lly1
timestamps:
  login: 1644020084387
  logout: 1644020206554
ipAddress: 51.161.99.19
logoutlocation:
  world: bwlobby
  x: 252.15566910033522
  y: 127.0
  z: 247.47509006209614
  yaw: -78.2536
  pitch: 17.444569
