lastAccountName: Zeltraks
timestamps:
  login: 1654108749567
  kits:
    fw: 1653422882397
    elytra: 1653673921123
    boots: 1653422918259
    dragon: 1653675025852
    fireworks: 1653674589891
  logout: 1654109223407
  lastteleport: 1653675035876
ipAddress: 51.161.19.255
lastlocation:
  world: bwlobby
  x: 257.31754730464365
  y: 128.0
  z: 262.48285023696917
  yaw: -256.61234
  pitch: 4.548334
logoutlocation:
  world: bwlobby
  x: 250.35824791828554
  y: 127.0
  z: 250.4324502472729
  yaw: -90.08136
  pitch: -8.276491
