lastAccountName: MrAnu
timestamps:
  login: 1647886167996
  logout: 1647886178939
ipAddress: 51.222.93.2
logoutlocation:
  world: bwlobby
  x: 250.35824791828554
  y: 127.0
  z: 250.4324502472729
  yaw: 344.83438
  pitch: -8.276491
