lastAccountName: yogitommymc
timestamps:
  login: 1647713568599
  kits:
    fw: 1647717195965
  lastteleport: 1647721341717
  logout: 1647721491357
ipAddress: 51.77.31.63
lastlocation:
  world: bwlobby
  x: 257.4027547941062
  y: 127.0
  z: 250.46747465134322
  yaw: -89.39903
  pitch: -8.57649
logoutlocation:
  world: bwlobby
  x: 289.70160815263756
  y: 143.0
  z: 258.65744386716983
  yaw: 6.7934957
  pitch: 32.18215
