lastAccountName: ImJustMelo
timestamps:
  login: 1644020235439
  logout: 1644021124985
ipAddress: 51.161.99.45
logoutlocation:
  world: bwlobby
  x: 250.35824791828554
  y: 127.0
  z: 250.4324502472729
  yaw: -101.04407
  pitch: -8.276491
