lastAccountName: thepoggest
timestamps:
  login: 1643342803028
  lastteleport: 1643343281684
  logout: 1643343949768
ipAddress: 120.153.99.223
lastlocation:
  world: bwlobby
  x: 250.65432703150503
  y: 127.0
  z: 250.48614289105498
  yaw: -90.45609
  pitch: -11.980772
logoutlocation:
  world: bwlobby
  x: 250.35824791828554
  y: 127.0
  z: 250.4324502472729
  yaw: 263.5128
  pitch: -8.276491
