lastAccountName: Theospelar
timestamps:
  login: 1634153475028
  lastteleport: 1634152458278
  logout: 1634154265228
ipAddress: 92.34.49.105
lastlocation:
  world: bwlobby
  x: 261.5242826228106
  y: 128.0
  z: 249.7242335123079
  yaw: 79.54974
  pitch: 5.02183
logoutlocation:
  world: bwlobby
  x: 244.57413103717073
  y: 127.0
  z: 250.38943614668395
  yaw: -89.18767
  pitch: -8.117962
