lastAccountName: MrCactusCreeper
timestamps:
  login: 1636832289967
  kits:
    fw: 1636831758149
  lastteleport: 1636832298084
  logout: 1636834450427
ipAddress: 188.230.239.13
lastlocation:
  world: bwlobby
  x: 269.7564049462439
  y: 128.0
  z: 266.89002625448313
  yaw: -44.739536
  pitch: 48.634327
logoutlocation:
  world: bwlobby
  x: 251.8865420539454
  y: 127.0
  z: 253.18397359552733
  yaw: -89.39903
  pitch: -8.276491
