lastAccountName: blwoomi
timestamps:
  login: 1646289764303
  logout: 1646289771063
  lastteleport: 1644021228341
ipAddress: 51.222.93.25
logoutlocation:
  world: bwlobby
  x: 250.68098920675808
  y: 127.0
  z: 257.2670769159132
  yaw: 245.92947
  pitch: 38.148163
lastlocation:
  world: bwlobby
  x: 227.51459248742307
  y: 120.70648786046942
  z: 250.64716016222624
  yaw: -272.67633
  pitch: 42.710392
