lastAccountName: Nitro2989
timestamps:
  login: 1644020242011
  logout: 1644021316104
ipAddress: 51.161.99.23
logoutlocation:
  world: bwlobby
  x: 256.04359558670706
  y: 129.0
  z: 234.05000001192093
  yaw: 201.765
  pitch: 56.730946
