lastAccountName: Shadowbeast7575
timestamps:
  login: 1650075673602
  kits:
    fw: 1650075448630
  logout: 1650077239911
  lastteleport: 1650075624729
ipAddress: 51.161.38.238
logoutlocation:
  world: bwlobby
  x: 251.70777665376363
  y: 128.0
  z: 259.6731062075299
  yaw: -243.20161
  pitch: 34.804836
lastlocation:
  world: bwlobby
  x: 220.7580403541501
  y: 110.02989959368347
  z: 262.07999846731974
  yaw: 15.177041
  pitch: 25.499504
