lastAccountName: Musical_Doge
timestamps:
  login: 1654990799257
  logout: 1654991021346
  kits:
    fw: 1653687301422
    elytra: 1654986973280
    arrows: 1654987226247
    dragon: 1654987135631
    fireworks: 1654990555900
  lastteleport: 1654990739875
ipAddress: 51.161.99.6
logoutlocation:
  world: bwlobby
  x: 4.450464511059771
  y: 96.0
  z: 2.0133690839048115
  yaw: -86.47646
  pitch: 70.93735
lastlocation:
  world: bwlobby
  x: 223.38925247379444
  y: 1.0
  z: 249.98293133731588
  yaw: 90.54794
  pitch: 85.90807
