lastAccountName: Panify
timestamps:
  login: 1643595920942
  lastteleport: 1643596106194
  kits:
    fw: 1643595978552
  logout: 1643596453142
ipAddress: 27.145.206.15
lastlocation:
  world: bwlobby
  x: 251.08958829109844
  y: 127.0
  z: 250.6212673019202
  yaw: 39.808914
  pitch: 18.84526
logoutlocation:
  world: bwlobby
  x: 250.35824791828554
  y: 127.0
  z: 250.4324502472729
  yaw: -85.64462
  pitch: -8.276491
