lastAccountName: DJLKO
timestamps:
  login: 1644019950104
  logout: 1644020161360
ipAddress: 51.161.99.65
logoutlocation:
  world: bwlobby
  x: 250.444955969932
  y: 128.0
  z: 280.3406950359158
  yaw: -166.052
  pitch: 30.939974
