lastAccountName: DolphinAvenger
timestamps:
  login: 1644019927503
  logout: 1644020168245
  kits:
    fw: 1644019827856
ipAddress: 51.222.93.24
logoutlocation:
  world: bwlobby
  x: 232.8460148830107
  y: 128.0
  z: 241.2005267775246
  yaw: 157.39795
  pitch: 57.222507
