lastAccountName: SuperLunar
timestamps:
  login: 1659133887067
  logout: 1659133907277
  lastteleport: 1659131794578
ipAddress: 127.0.0.1
lastlocation:
  world: bwlobby
  x: 250.35824791828554
  y: 127.0
  z: 250.4324502472729
  yaw: -89.39903
  pitch: -8.276491
