lastAccountName: SuperLunar
timestamps:
  login: 1659196453229
  logout: 1659196516540
  lastteleport: 1659194683760
ipAddress: 127.0.0.1
lastlocation:
  world: bwlobby
  x: 250.46477451585662
  y: 127.0
  z: 250.4324502472729
  yaw: -89.39903
  pitch: -8.276491
