lastAccountName: ThatsAKiwi
timestamps:
  login: 1631125072170
  lastteleport: 1631126912876
  logout: 1631128271537
ipAddress: 50.4.92.16
lastlocation:
  world: bwlobby
  x: 201.6170384395923
  y: 102.02274555921852
  z: 255.4180430504518
  yaw: -252.00647
  pitch: 27.919249
logoutlocation:
  world: bwlobby
  x: 250.35824791828554
  y: 127.0
  z: 250.4324502472729
  yaw: 29.86656
  pitch: -8.276491
