lastAccountName: Skins08
timestamps:
  login: 1643687119053
  kits:
    fw: 1642825515217
    elytra: 1642825468105
    boots: 1642811547721
    dragon: 1642807531539
    fireworks: 1642825486355
  lastteleport: 1643687163559
  logout: 1643687386753
ipAddress: 203.7.91.208
lastlocation:
  world: bwlobby
  x: 120.07811735691251
  y: 68.0
  z: 133.71010428246592
  yaw: 154.52472
  pitch: 25.99679
logoutlocation:
  world: bwlobby
  x: 142.30000001192093
  y: 137.0
  z: 267.77243042489863
  yaw: 129.40817
  pitch: 4.1602144
