lastAccountName: Prusso
timestamps:
  login: 1631125063746
  lastteleport: 1631129303413
  kits:
    tools: 1631129038880
  logout: 1631129383877
ipAddress: 189.6.127.79
lastlocation:
  world: bwlobby
  x: 267.12535636176483
  y: 111.0
  z: 264.8474363353519
  yaw: -317.74658
  pitch: 60.126728
logoutlocation:
  world: bwlobby
  x: 239.4294646074992
  y: 128.7531999805212
  z: 249.4019330838143
  yaw: 40.14746
  pitch: 13.744928
