lastAccountName: Rowlet
timestamps:
  login: 1643333049198
  kits:
    fw: 1643333082956
  logout: 1643333507572
ipAddress: 98.167.9.45
logoutlocation:
  world: bwlobby
  x: 250.35824791828554
  y: 127.0
  z: 250.4324502472729
  yaw: -179.38086
  pitch: -8.276491
