world: MegaShire
x: -3.2401991525942826
y: 138.0
z: -9.59655053686302
yaw: 6.7948
pitch: 5.1546955
name: ms
lastowner: 120a6ace-db7e-4774-9738-a76469f5f0a7
