world: bwlobby
x: 236.02024596420827
y: 128.0
z: 250.54357590589694
yaw: 89.6344
pitch: -2.4627163
name: Parkour
lastowner: 120a6ace-db7e-4774-9738-a76469f5f0a7
