world: FusionScen
x: 750.523048610125
y: 100.0
z: 765.5029531269411
yaw: 2.4170866
pitch: 3.0216413
name: thumbnails
lastowner: 120a6ace-db7e-4774-9738-a76469f5f0a7
